0.96736825
-0.19822156
0.3083173
0.7870356
0.06274748
-0.763175
-0.55887365
0.2419163
0.43603456
0.030174375
-0.6313313
-0.533113
-0.33999085
0.48241603
0.55625355
0.48191988
0.7497492
0.09666443
-0.47899163
-0.20600307
0.016654372
0.17830956
-0.6526749
0.9158621
0.7431437
-0.41577482
-0.01342237
0.12678576
-0.8709413
-0.1236341
-0.35933664
2.2420406
1.7638566
1.1424174
1.7379692
1.424194
0.92941916
0.12805623
0.21452086
0.45295095
0.55800354
0.9511171
-0.0939337
-0.65947163
0.60234404
0.5048444
-0.10360336
0.77933455
0.3247013
0.54548854
1.9923742
1.9738429
2.2984912
1.5206434
0.13015965
-1.863114
-2.4763377
-0.26467577
0.57987386
0.26938057
-2.0271442
-3.6577857
-4.332361
-0.8427269
-2.1336582
-1.0834059
-1.4854783
-1.0701306
0.5399609
0.13558243
0.12189041
0.9976871
0.2677914
-0.56847703
0.42761055
1.6917034
0.15077782
0.07236333
-0.9197175
0.35185778
-1.8828329
-3.398506
-10.798471
-14.402136
-11.599116
-8.263071
-7.439682
-5.936254
-4.3533597
0.583523
-0.11458323
-1.9197623
-3.573854
0.64840436
1.2286716
0.9977813
-0.98466825
0.14365947
0.85042995
2.623638
-1.7277037
-3.1101887
-1.7346435
-7.0060735
-17.240593
-19.427944
-21.454433
-29.058163
-31.612125
-34.797234
-33.481735
-26.760479
-9.607786
-4.544357
-2.1001043
0.046366878
-2.4366198
-1.7375072
0.620959
-0.33434236
-0.15960717
-0.88912547
0.60744256
2.2356727
5.826299
5.779557
-8.382259
-5.330535
-9.100294
-17.856947
-19.630375
-10.1048355
-4.941177
-11.840973
-9.522281
-13.040557
-20.2257
-1.9200332
2.6372077
6.687703
4.250536
-1.5494095
3.0560365
0.7546985
0.40914893
0.9233662
1.1474146
6.13563
13.792855
3.015978
1.3480095
-4.5459847
-9.120663
1.3059957
3.2903264
12.430228
2.5595493
-7.4041867
6.325073
0.014657527
-18.06912
-27.819292
-1.8609459
2.2151594
4.2380767
1.561133
-1.4686896
0.7714473
0.5865371
0.35769343
2.3724618
8.276805
1.4875247
-6.940732
-0.67528594
-3.2458382
12.480998
16.630808
13.900084
24.556805
24.329762
19.877846
21.004093
16.79795
17.326982
2.618503
-10.548925
2.136107
8.0367
4.421939
-0.43248248
1.6702746
0.1874454
-0.006580949
2.7159088
-2.396038
14.474157
12.829733
13.155056
13.135146
28.607643
23.80109
23.008364
26.433619
25.609087
17.342539
22.840813
23.45313
19.330168
15.767815
-9.590766
9.427803
-6.26406
2.9420042
1.0174298
2.5954924
0.643826
0.07906294
2.154079
-9.260058
18.725258
-3.5177202
8.178308
18.72329
20.264753
15.113213
15.815115
13.791321
19.241917
16.00209
18.481024
25.814646
28.918518
15.257185
-6.988328
-3.084289
-14.454073
-0.29237407
2.7522054
0.2788573
-0.98678946
-0.6154382
-1.0904326
-24.010761
18.770716
-7.419941
0.24037129
13.647182
14.044844
-1.7715474
3.5239882
-0.1418904
3.5213218
-5.0476775
-3.8582978
5.400578
15.379244
11.1875725
1.2082945
-0.74507415
-6.6666436
-1.0665509
2.1531482
1.7885993
-0.6033174
-0.059030652
-2.79689
-16.373318
12.849896
-1.8885373
6.215457
11.560169
14.901165
-2.8580022
-5.327788
-5.2247257
1.6562041
-5.9530644
-0.2327672
-6.4610767
15.112514
11.478485
3.0524611
-15.19816
-9.249155
1.3010714
-0.29126123
1.0722005
-0.33556283
-0.85650563
-3.0315752
-16.693983
14.38348
-4.742357
7.5176253
15.30575
11.059602
-2.479053
0.21614388
-1.6432809
3.8054156
-0.77959687
1.6923836
-1.5372423
4.348234
16.258818
-5.6706047
-14.421791
-12.993643
-2.6389875
0.6107339
0.3766977
0.40464067
-0.2674886
-3.9906707
-16.040071
11.938731
-10.682447
1.4487423
7.616575
7.1905203
-6.406852
-3.4839888
-7.1263
3.112898
-2.6353464
2.8730316
2.3210263
15.171267
17.824144
-0.9164383
-1.4742855
-2.9544597
-0.14729694
0.056204885
3.04601
0.21637797
0.9594321
-4.7328386
-10.670105
0.61402786
1.768504
1.936551
11.08379
7.8228626
-4.4860115
1.3193783
-5.928753
2.5150828
-1.8233871
4.2181344
7.667103
15.410944
8.871876
-15.357632
-3.2372913
-1.6374195
-0.76785725
-2.211104
4.0535207
0.8600532
0.62427616
0.007317513
-10.539083
-2.0633926
9.415073
-6.114975
15.210435
21.735666
6.6180787
11.104189
4.44429
16.886152
4.2815056
9.698308
15.164569
3.5069852
-0.8506394
-15.418258
13.964674
-2.9804773
0.53156734
-2.1234393
2.7779677
-0.6413096
-0.7983241
-1.7466776
-5.9579487
6.186232
2.5649486
-9.072707
-1.822063
22.743526
24.29831
15.063013
17.78075
23.803623
14.064542
24.238188
23.686895
4.275629
-2.923434
4.0428715
18.30127
6.8213954
4.036542
3.13371
2.5891464
-0.0888437
0.93806624
0.32455295
2.0796862
12.634422
14.1835575
3.224463
-7.178973
-3.5104961
3.7802896
8.424082
14.493498
13.516515
6.3866177
2.5738974
-6.255747
-0.74420846
1.9135393
18.352554
22.071959
6.5613966
-0.8560967
1.0427192
-0.53322923
0.43340564
0.9063283
-1.2344943
2.3736708
2.3094711
10.082362
6.5704417
-11.60376
-7.936375
-13.483994
-7.9827576
-7.1203294
-16.390232
-15.262558
-3.5867534
-6.092848
5.1288733
14.174896
17.825626
17.029501
1.8181869
1.6010164
1.6046208
0.30407873
0.68642926
-0.4548322
-1.803836
1.7755256
-3.6655502
-2.2105396
3.2341256
3.0978236
-7.9490323
-14.140988
-25.26216
-24.770939
-19.009125
-11.773293
-2.453631
-0.20110014
12.033542
7.544666
7.312421
1.4952266
-0.61224556
-0.2837244
1.0594821
-0.5124059
-0.72033846
-0.81097305
-1.1025971
1.6775445
3.2952015
1.8240223
0.98865384
-2.6160088
-2.884053
-5.352814
-3.1972027
-7.122383
-10.679555
-3.3653316
-6.660862
-4.854309
-3.9061928
0.6231905
-3.1103897
1.0153196
-1.1204433
0.15984662
1.5746216
0.32423604
-0.64381635
0.51034546
0.1136141
2.141304
-1.3777865
-1.4254116
-1.551473
0.022899237
1.6259701
-0.60301507
2.3783464
3.3196523
-1.0507642
-1.5041552
-1.525864
2.264584
1.2531389
-0.45416304
1.6235163
1.1605856
1.0221928
3.2731357
0.59756756
-0.25447285
-0.52886546
0.64949787
-0.7774825
0.82702315
-0.71800154
0.37662393
-1.2283212
0.5806218
-0.8256298
0.3526017
-0.050814033
-0.6715094
-0.1907537
-0.06064427
-0.10822756
0.814485
-0.90898323
0.8051382
0.8204281
-0.35916838
0.37322152
-0.13229418
-0.12095404
0.16125405
-0.9326768
-0.90124667
-0.28032506
-0.9801284
-0.4722134
0.64927566
-0.46423125
-0.95035017
0.9832213
0.67916393
-0.5875366
-0.79390824
0.60304856
-0.6378741
0.16053808
-0.07367349
0.9501523
0.070955634
-0.63555217
-0.5071775
0.6895554
0.8886883
-0.58031833
0.0
