0.9760375
0.2559588
-0.64241874
-0.44345963
0.11416602
0.81723225
0.3453766
-0.5049192
-0.3039664
0.21296775
-0.47891402
-0.8159981
0.78733504
0.060259223
0.5402386
-0.30401254
-0.3132968
0.22776544
-0.34274697
-0.46409476
0.21497822
-0.46364164
-0.18659616
0.88170004
0.42318428
-0.028912544
0.5152861
0.666993
0.416893
0.7247709
0.33926085
-4.7959814
-3.894429
-2.5993435
-2.01827
-0.9156683
-1.809063
-0.7371054
-1.0034322
-1.8793892
-2.2195487
-1.6090951
0.6104418
0.46519315
0.9936459
0.8645655
-0.79781735
0.5612793
0.7194798
-3.2162127
-2.1116564
-2.1965437
-1.3200268
-2.0205314
2.8810756
1.2143534
5.3558517
4.734119
4.3740525
7.305846
7.8100343
6.278366
7.1238847
2.6281476
2.0748572
-0.17871274
0.2914405
-0.4350458
-1.5143868
-2.9704437
-2.939705
0.20242989
0.20724785
-0.46080053
-1.4118254
-2.4801135
1.094245
2.6407204
-0.38887957
-2.6488187
0.77849126
7.1354065
12.883546
16.687166
18.844265
20.233303
14.213079
14.715232
9.011341
3.1215954
6.4801216
5.236543
2.5339937
0.80643016
-2.7942152
-0.67175484
-0.70018995
0.21411014
-3.0612476
0.7617965
6.02542
-2.0002537
-2.009547
12.485265
18.63822
25.728285
31.394348
42.08158
39.790234
45.222187
45.88055
26.108606
7.45031
5.336524
-3.6848798
2.8161914
4.7730365
3.0796733
-2.2637062
0.7581532
0.33535218
-0.40734696
-0.9196245
1.3510897
-4.6438594
-6.1377745
11.848063
12.967994
21.953192
34.35166
28.898668
13.105979
6.063921
26.021578
22.167128
23.24046
27.694344
-4.283329
-9.634651
-9.463072
2.7737472
3.962028
-2.0299225
-0.29050872
-0.65252864
0.15155482
-2.8715215
-6.2102623
-15.962508
-11.428299
4.129875
12.912911
22.229408
2.81011
3.5813756
5.6226215
13.400836
20.963
10.935026
18.22426
42.161545
40.23607
-0.69567645
-3.1689646
0.0068397396
5.2492557
-1.419048
-0.9314392
-0.57187533
-0.021047592
-4.270187
-14.927702
2.6401052
2.25007
12.005122
10.314049
-4.420356
-1.7754158
-14.72966
-18.35829
-28.3101
-10.320685
-5.494844
-5.8576274
-6.856638
18.44654
19.49851
-10.102651
-2.366673
-0.7799268
-1.6839931
0.29907554
0.5872158
0.624936
-3.701384
10.571726
-4.5514283
-0.6622021
7.851315
3.4757228
-13.209303
-18.644367
-23.69301
-22.717571
-18.341354
-4.5557084
-22.2145
-18.349396
-5.706469
-3.076696
33.974392
-10.196435
11.718106
3.8984354
-4.0097294
-2.8563006
0.67906964
0.04631698
-1.1966625
21.668518
-10.454156
7.8889604
-4.4495316
-9.287196
-26.187456
-21.168743
-24.762907
-17.842022
-30.603924
-15.091548
-27.576603
-30.412752
-31.486725
-12.822897
12.511969
5.116052
21.770151
4.6756377
-0.015720006
-2.9253352
0.06956339
0.37657964
-2.002712
38.20051
-1.0437295
14.355331
-6.892503
-20.316017
-23.11991
-1.6673664
-11.5549345
-3.3404844
-5.8638167
2.7314496
-2.5333273
-12.317511
-14.097322
-17.357191
13.002439
3.0672364
14.212375
4.58138
-2.37403
-1.5134007
-0.7413043
-0.8015795
2.768929
32.34528
3.9267335
0.22228117
-17.387764
-18.998055
-20.190407
1.2628632
1.8979766
-1.0576967
-2.2915857
1.371131
-6.463439
-0.3822015
-14.307761
-23.163605
6.484873
18.212002
15.881423
2.8075457
0.903037
-2.4459524
-0.34810615
0.93480754
10.427657
33.19766
12.246648
2.9724765
-8.764125
-9.930517
-15.02643
1.518507
-3.9173243
-3.8777313
-2.881483
1.0063847
-1.0887371
-2.816872
-10.091856
-21.143606
8.174016
30.011444
17.002037
10.688508
-0.69112664
-2.489562
-0.91062975
-0.70406795
9.282653
32.652878
9.572972
5.124824
-12.831023
-11.180704
-5.6919804
2.1418254
1.1158657
8.019854
-8.457237
7.1346354
0.7045577
-10.773554
-12.73816
-21.927744
6.0057178
24.17152
12.613808
11.477312
1.3884811
-1.7046347
-0.40363896
-0.73523605
4.6097865
37.047386
15.144765
12.831413
-9.829709
-10.634887
-10.345358
3.8170362
0.4550796
6.2571526
-1.5179666
10.220825
-1.5050465
-9.652864
-13.631627
-20.421665
38.015934
4.9954963
12.083086
5.671138
0.108175255
-1.6826938
-0.8919107
-0.32170475
1.6890172
22.270765
13.478293
7.8131866
-5.332005
-25.55769
-21.790483
-12.025711
-12.688158
-11.930923
-16.820503
-9.002934
-7.608475
-19.203783
-11.271141
18.94756
21.165571
-12.419019
11.936385
-0.69087034
0.45325813
-1.6606148
-0.34818482
0.38805616
0.6615127
17.184563
13.8939
18.727575
16.366428
-2.6368923
-42.01973
-31.90901
-18.599478
-26.345783
-39.059967
-24.212875
-18.539145
-30.07687
5.6848364
11.641066
-12.217303
-18.100916
-0.79175943
-1.7249489
-3.3616183
-2.25358
-0.36565042
0.07918596
-0.7175343
6.3158855
0.20151666
6.044676
15.748509
18.547264
-0.6832764
-8.260017
-26.491096
-28.760136
-28.778194
-12.897033
-8.867667
14.871835
14.267423
-10.978709
-17.129482
-27.945679
-1.8267912
0.9936653
-0.10595779
0.6961881
-0.51307833
0.6105486
-0.40372217
-2.9981184
9.471791
9.942312
2.4070365
29.332344
28.170364
22.527582
14.932919
13.220874
21.717564
32.759815
24.870447
10.129791
-0.6454564
-9.556533
-19.38044
-2.67855
-1.6347915
-0.6873077
0.26045907
-0.19155344
-0.039689064
-0.7909174
0.79738206
-2.6032798
1.5655288
9.158034
12.854863
14.620317
15.6262045
45.750347
54.6769
46.32669
41.962673
29.414667
13.312148
3.620193
-8.085015
-4.012944
-0.36829227
-4.8689723
0.99939424
-0.560657
0.32645464
-0.6381222
0.8416637
-0.9902203
-1.4691064
-2.8592896
-4.3812227
-0.05647996
2.2587273
8.74389
17.987448
24.629112
18.94579
14.339448
23.740562
14.016362
10.694292
9.473843
5.6509485
1.5207413
-0.34460935
-2.201708
1.0432763
0.09552824
0.26336032
-0.3465562
0.78043616
-0.72161055
-0.4070027
-3.6953816
-1.2406812
-2.1551404
-2.036412
-2.9349115
-2.453921
-1.1682465
-0.12382115
-1.8112189
3.8504913
1.3606822
0.92435443
-0.91183394
-0.61644685
-2.052047
-1.5356678
-3.380861
-0.18143387
-1.7521454
-0.075050235
0.5916276
0.26441622
-0.8128501
0.7304832
-0.4643402
-0.25840107
0.31403413
0.74778605
0.14802721
0.89692783
-0.2624227
0.76386726
-0.79493153
-0.7179259
-0.7382481
0.34830868
0.96058667
0.7470641
-0.28149566
-0.3900592
1.3448844
0.19699943
-0.35704756
0.42413366
0.27561057
-0.42220438
-0.7654518
0.43089402
-0.7908683
-0.8044847
0.008437395
-0.25010407
-0.9345603
0.68928397
0.21850371
-0.31135392
-0.41024494
0.4200859
-0.1742537
0.029424906
0.35737395
-0.75025
0.44922066
0.6490673
-0.26824093
0.47012472
-0.9032978
0.32884824
0.0
