0.335418
0.99030805
-0.41128957
-0.9334029
0.9898108
-0.6645062
0.96294606
-0.56108654
0.6000886
0.65192556
0.716645
0.49527013
-0.9565828
0.47058105
-0.07781911
-0.6018375
-0.60254085
-0.522624
-0.9515313
-0.699643
-0.93689644
0.39360273
0.51665545
0.08804512
-0.8717706
-0.55417573
0.29717577
0.9534559
-0.8415654
-0.21950078
1.4940755
4.8510885
4.7834272
4.108547
1.306628
1.8397224
1.0365529
0.13214959
2.1344981
2.1829853
1.7660218
1.8000818
-0.17321813
-0.7981684
0.73755383
-0.77505267
0.7624526
0.72046626
-0.32637656
1.7317941
2.7229795
2.4030528
3.5464911
3.7809992
1.1417041
-0.83894086
-2.5882688
-2.3546972
-2.3451762
-7.2379413
-4.8093004
-2.9414954
0.473426
-1.4752603
0.9852945
3.8808918
1.8696764
0.21298447
1.2147545
1.7189484
1.4187498
0.27761638
0.08190966
0.57691157
1.9209672
3.2058897
1.2665987
-0.39629114
-1.5150056
3.5217142
2.3267794
3.489943
7.30726
11.59188
7.9597926
3.4951334
-0.53389776
5.3348436
4.466638
2.657277
0.64109975
2.3787858
-1.7695386
-1.8695004
0.9312185
-0.45609343
0.407071
-0.16298282
2.5123303
3.4785156
-2.8745728
5.3283367
7.8548584
2.5224667
4.143412
8.645099
8.343214
15.027429
12.980322
8.246421
11.031165
11.558135
-0.9896987
9.725574
3.8714228
1.6167643
2.1692944
0.03062655
2.4345305
0.78171945
-0.61909056
-0.7782327
4.1468873
3.7489347
14.49816
16.084564
18.081388
30.896927
35.015408
37.606827
41.225525
39.38571
41.049522
34.181126
30.979633
26.22813
35.148872
26.384499
16.21898
4.170562
1.3634952
0.23161629
2.8988032
-0.8569422
-0.9887954
-0.59016037
4.0320544
8.038551
22.046104
33.006905
48.244
63.979244
53.211727
48.45066
47.335674
49.063473
53.80074
49.364555
60.366882
47.06754
33.611813
49.911
39.676556
11.437644
1.5089467
1.12756
3.7483692
-0.6412864
0.63440585
0.58712745
4.917822
12.397849
29.4918
47.209324
54.58102
47.687828
44.67149
40.26691
48.917267
50.792614
50.564106
55.101505
63.82493
50.422573
43.028133
46.961414
48.718876
42.267624
4.1826143
7.259216
4.4641137
0.009203672
0.74969566
1.2881653
5.5067453
16.157827
30.516943
47.54014
61.740395
46.641136
39.31564
34.662125
42.624626
37.825
28.058794
39.539528
36.996677
40.482273
34.951855
67.266945
54.328697
41.339428
13.458822
1.7330415
4.4864426
-0.20664656
0.8851006
0.44899654
7.107005
17.410446
48.36362
46.666294
58.26688
45.70678
45.631264
33.048527
39.709362
41.088535
33.458405
42.74616
44.482746
37.398247
32.62681
45.43349
48.14222
46.904152
17.225203
1.419281
2.3313084
1.2667732
0.85764563
-0.19537306
5.471043
26.416494
42.36145
45.507328
54.924416
39.575375
39.480663
13.841942
18.787603
29.804512
24.707357
25.532118
34.153595
31.029657
36.701374
65.53144
61.879284
43.58409
23.595629
3.2995791
3.5214734
2.0951545
-0.9116181
0.9526186
4.648352
29.44385
43.872444
59.74895
68.36202
59.071045
44.161636
22.656271
31.258795
24.52374
26.407892
31.950449
28.98715
37.29385
39.37672
41.44153
72.536354
51.80873
28.483763
6.67737
2.150906
1.0441755
-0.8805579
0.8939587
4.654796
23.09807
49.59253
52.145584
57.684128
45.863586
35.884983
15.909794
26.375256
20.37058
32.402138
30.623817
28.002487
30.38809
41.842422
45.014046
69.77793
46.58486
33.089996
2.1473768
-0.07479942
1.2966582
0.15410876
-0.074246526
3.8234506
25.630058
48.638794
68.99191
65.82128
53.129967
30.794342
9.830646
25.565939
21.12998
24.996376
27.686499
27.514399
28.371023
40.061142
49.647335
65.464516
45.464405
27.781029
3.740931
0.5494851
1.0321501
-0.6977943
-0.16301274
4.9100018
24.62871
49.720863
70.53311
58.495274
52.16579
24.618698
6.96129
15.210845
13.986676
20.544224
24.140068
21.495253
27.433987
37.798523
54.708027
73.0359
47.342503
18.819666
9.585511
0.34331977
1.6064465
0.26195502
0.19744635
1.4933002
20.489254
40.192726
67.29251
75.57107
64.04457
40.4591
20.39956
21.98695
18.24719
24.18303
26.1626
30.733593
32.36644
52.17623
64.24652
65.06155
39.527317
13.133718
8.902353
2.2708037
1.3130307
-0.5942347
0.7250974
1.0678115
16.74172
34.401615
68.48854
78.05701
73.61851
47.931023
32.240868
28.427664
32.82736
38.37131
35.64285
33.966854
41.751995
63.53278
76.93651
54.972572
44.69881
10.286454
8.991648
2.5423217
1.3336213
-0.33874977
-0.08552241
0.06614834
7.353528
31.637037
49.207794
79.725204
94.87861
52.924744
47.697113
41.36017
50.541237
56.012455
42.39526
63.504265
75.08758
92.3556
72.065636
55.935276
39.4736
5.7849264
5.920631
0.9339993
-0.18328047
-0.8099009
-0.2565832
1.9520055
7.8189745
23.14013
39.06844
57.271168
94.7713
76.88183
77.28306
69.23126
68.15625
58.543606
64.895454
61.56952
82.50629
68.29848
42.006878
28.514423
20.894995
1.5660617
4.71377
2.5136952
-1.0604455
-0.33374488
-0.65231884
1.7277414
3.0017228
6.1877537
9.966056
41.549496
54.123188
54.89754
61.501938
69.23478
80.18853
65.13495
67.65814
57.00658
41.594868
30.842505
32.906223
18.624632
15.33018
4.6361194
4.0854306
2.0152628
-0.7171428
-0.058820963
-0.93711114
1.6419168
2.8517227
7.2408643
-0.6449834
11.926357
29.197788
25.31184
36.694786
38.89247
40.058567
34.845535
36.22644
26.504366
29.134056
24.079865
19.305605
12.321007
4.412325
2.171692
4.164915
0.64702815
0.7630582
-0.94219065
0.18031883
-0.36444914
5.592038
4.2966127
4.1289206
4.2070107
3.2697525
4.2823935
5.5150905
7.326712
12.221808
9.554233
7.282649
9.008561
11.535029
10.422369
9.902146
10.490686
4.160213
1.0229197
1.372424
0.70791805
0.6460035
-0.06384456
-0.8520051
0.17518616
0.35789979
1.2933965
0.5827532
1.5597808
-0.07732904
1.080886
1.5606091
0.62086964
-0.0041178465
0.17976594
0.48726797
-1.0276515
-1.6601515
0.807762
-1.2533066
-1.2012455
-1.4766254
0.11054325
0.029073715
0.8881701
-0.6165885
-0.397712
-0.22930324
0.2803496
-0.98409486
-0.74268055
-0.49190986
0.81660366
-0.75390816
0.00696826
-0.28675926
0.7162069
0.09020066
0.044172645
0.39004862
-0.9709306
0.78373015
0.038731337
0.79061735
0.9543339
0.50529087
-0.66602933
-0.6393703
0.31253183
0.0
