0.9146607
-0.87365615
-0.6701076
-0.29919672
-0.9228296
-0.72000575
0.977638
0.7520193
0.71372414
-0.5368526
-0.20037782
0.61150265
0.8263997
-0.914032
-0.95892775
0.73978794
0.09620154
0.5596447
0.051689744
0.37687683
0.36721563
-0.14054585
-0.13170505
0.7460549
0.7969879
-0.44850576
0.21725285
0.121430635
-0.8376471
0.3276261
-1.7085018
-7.3928094
-2.5345662
-1.6979082
1.7046707
-9.102877
-5.6857176
-6.3682485
-4.142555
-5.48999
-5.156498
-4.353524
-0.9476497
0.38094306
0.86203647
0.091434
0.8713269
-0.9060458
0.40644324
-2.298697
-2.439384
-2.6664193
-5.335773
-5.5158157
-0.0010594726
7.623231
-13.190249
-8.519955
-6.7780433
17.825256
21.895292
-2.30161
-11.988874
-17.2389
-22.305473
-21.000872
-15.763177
-13.011303
-2.3968558
-3.0567303
-2.521833
0.91144073
-0.33002937
-0.2940917
-2.952554
-5.3617334
-6.2336826
4.138173
-2.418331
-3.6369264
8.582112
28.321932
65.184235
57.25762
53.52701
44.956375
39.69744
26.923695
6.7060585
-10.781197
-13.92777
-10.695633
-10.867315
-2.8754935
-2.906273
-0.49953198
0.9438727
-0.95387304
-2.202747
-6.520476
7.102906
-5.5475597
-6.2653446
32.473965
69.97002
97.41463
77.16253
112.283875
97.04868
117.06598
153.75877
118.18965
41.694225
7.9509554
-15.443732
-18.993568
-9.05588
-12.660999
-1.5649791
-0.5557158
0.115908265
-0.5328171
-5.542347
-5.06829
-38.319023
-86.97798
-40.58983
-64.745415
-21.12867
-35.084137
-35.360626
-114.18051
-134.75706
-87.83439
-99.29791
11.917326
25.537992
-26.677168
-31.10941
-47.92245
-27.286491
-24.45891
-20.905287
-6.966939
0.8337276
-0.19508648
-8.497833
-29.812645
-92.06953
-125.51848
-90.59414
-103.18358
-97.699265
-143.41727
-157.76544
-179.20644
-148.74498
-84.70351
-93.04258
-96.48596
-27.753542
3.5301645
-51.568394
-37.35497
-34.611816
-11.252892
-17.958914
-8.327874
0.20919251
0.54885817
-5.08976
-30.48495
-101.373116
-155.74721
-183.97284
-138.87811
-140.46121
-195.08476
-183.48679
-250.27448
-230.80377
-213.91692
-186.32104
-172.67532
-168.24994
-122.65566
-27.02927
-79.26937
-46.40791
-17.822096
-23.902328
-8.712023
0.76414645
-1.8864548
-2.4919815
-17.830662
-130.77473
-196.427
-135.23772
-105.63587
-148.73965
-151.8238
-151.13339
-198.77637
-225.36986
-190.51187
-165.64786
-133.67102
-111.47867
-174.53928
-30.84072
-108.898994
14.714338
-22.824581
-25.212759
-11.710639
0.23671293
0.005436778
-11.260114
29.68209
-155.485
-225.69948
-110.85283
-122.285164
-155.32584
-141.82141
-135.23376
-157.51819
-172.95375
-156.88358
-162.24362
-176.74284
-128.67201
-162.11327
-92.74275
-115.71977
57.588623
-14.386214
-24.267109
-4.31988
0.15821815
-0.79567516
-21.869085
77.62862
-151.63257
-191.38678
-174.01982
-164.1799
-115.63496
-84.95255
-83.99662
-116.88648
-130.92258
-126.860504
-139.28162
-145.76222
-137.60202
-154.30623
-104.83911
-97.41358
31.796156
-17.30307
-21.433168
-2.7647307
-0.16065049
0.25373662
-16.500448
52.0612
-111.09419
-205.30592
-169.37418
-96.005775
-113.911285
-57.602634
-47.164204
-90.91667
-111.56883
-105.9255
-112.36798
-105.692726
-130.72232
-193.30553
-99.60474
-98.454994
-13.841508
-2.482108
-19.487413
-2.7582376
0.5701741
-0.3088436
-3.2015634
58.907124
-120.3833
-222.48505
-188.61464
-110.35611
-118.172485
-61.8153
-61.923584
-72.9205
-89.342224
-77.88374
-101.693565
-88.34145
-136.06293
-174.36328
-78.44145
-98.552475
6.757271
-10.549366
-9.486261
-2.9084854
-0.5578377
0.99963903
-10.835762
42.233536
-95.27373
-206.80368
-199.82419
-86.83288
-80.84454
-55.411507
-39.559536
-73.684555
-108.95697
-105.17138
-117.60509
-122.11878
-150.34009
-211.97968
-80.87118
-79.65853
0.035901845
-27.614664
-22.301462
-9.315055
-0.7586287
0.34930933
-31.534803
50.42719
-78.50085
-172.55087
-199.74986
-89.35495
-63.78667
-55.837467
-45.69461
-57.987213
-94.289116
-108.99835
-118.03202
-124.67626
-122.72107
-157.60994
29.838928
-126.44986
-4.806482
-13.447665
-5.7149305
-7.762718
0.34046423
-0.9063299
-26.293236
23.099363
-83.61166
-148.63844
-183.26804
-188.25246
-168.34328
-143.85849
-144.73277
-145.7359
-194.57544
-163.2104
-150.17245
-136.70369
-106.11776
-9.922672
-54.23776
-105.792336
-31.943169
-15.518353
-6.857574
-11.502815
0.4332521
0.38906598
-26.579624
7.9401884
-78.02915
-143.80473
-113.69016
-236.09348
-246.26921
-225.65764
-212.97105
-219.56734
-237.01228
-190.87134
-194.9439
-193.77
-101.5455
-78.30049
-98.00094
-125.75084
-62.51651
-20.945988
-10.396112
-11.398169
0.30896485
0.83885264
-10.864203
-24.319244
-106.6468
-149.47546
-116.62742
-166.2552
-276.86084
-294.2692
-305.6403
-328.26852
-284.43237
-278.48087
-270.52887
-115.59069
-113.09931
-175.46936
-107.20041
-189.63365
-64.5273
-16.790245
-9.027875
-2.3089287
0.6544696
-0.71547425
-12.069701
-32.156536
-47.110275
-99.37388
-40.798023
76.88806
-5.097936
-79.71295
-132.25754
-151.28807
-143.39626
-13.03843
-9.006642
-33.888214
-54.62869
-81.878075
-92.60298
-112.60523
-26.618229
-9.4302025
-9.18888
-1.2070422
0.101174116
-0.22573447
-6.0983047
-11.947148
-9.54326
-22.426916
-27.099134
20.745169
105.989334
138.35129
124.84365
119.72072
120.977196
55.425716
17.264502
-22.166828
-21.547735
-31.876091
-70.23094
-44.679737
-5.3616996
-2.8560796
-11.221602
-0.47111
0.3993652
0.33505726
-6.0881977
-14.651452
-7.2847204
-16.211405
-28.173016
-27.27992
19.18256
64.59001
65.73871
50.48011
36.522133
-4.6884303
18.681446
-22.36487
-47.046055
-46.061928
-30.348455
-11.99192
-3.032381
-10.849925
-9.213124
0.53651786
0.70625067
-0.5422505
-4.318557
-9.003787
-4.181839
-5.707701
0.004554823
0.50242627
-7.991686
-10.959036
3.55394
11.545459
4.539373
-4.2241144
-20.722391
-16.734856
-19.153946
-8.134978
-15.526609
-10.071571
-9.232567
-6.710642
-0.49675453
0.12030089
-0.48501372
0.17511666
-0.3168155
-0.67844355
-0.100657046
0.45472163
1.2402651
0.19947809
1.3243127
0.220581
0.7358538
0.021033049
-0.5473684
-0.63722336
-1.7862909
-0.89314127
-0.75469935
-2.202762
-1.0797579
-1.7676859
-0.34843552
-0.4092735
-0.13039494
0.09448016
-0.26951385
-0.7288047
-0.23135972
-0.6506244
0.059536695
-0.0063261986
-0.8451909
0.3507613
0.6360915
-0.2056086
-0.7927604
-0.4997151
0.34815633
0.3470713
0.42909658
0.15265393
0.25406742
-0.5365032
0.79137087
0.94897985
0.11919212
-0.5024761
0.7271086
0.0
