0.06286991
-0.034836173
-0.5701307
0.80290484
0.08119857
-0.8459083
0.37015808
0.04893112
0.015586853
0.8175343
-0.8599684
-0.25335157
0.5284214
-0.3905052
-0.933413
0.7569283
-0.94483936
0.81252766
-0.25621438
0.42854464
0.25197864
0.15460145
0.79568124
0.97025883
0.26105976
0.942966
-0.6327684
-0.4217242
0.17325616
0.6992463
-10.163788
-9.856194
-15.124437
-14.654076
-4.624354
-24.69464
-15.698095
-14.833672
-14.095177
-14.845503
-14.445335
-14.01878
-0.14449453
0.56854844
-0.08985734
-0.7424468
0.5797502
-0.4673673
-0.5238439
-0.14455648
0.53921676
-1.2719134
-9.79867
-9.490015
-28.894285
-32.06485
-62.399174
-60.45699
-57.0398
-39.464787
-46.538055
-58.639862
-69.24908
-62.47744
-81.79722
-66.645004
-57.364376
-48.457443
-0.6727935
-0.35878754
-0.15882559
-0.07427549
-0.32732546
0.7252536
0.59914875
-9.258005
-23.232094
-36.006073
-32.91121
-37.372185
-31.604605
-44.911533
-46.090622
-89.296135
-84.43037
-105.77181
-86.95183
-79.58579
-52.561512
-24.15566
-48.00216
-47.6898
-47.440784
-10.138338
-0.40055788
-0.92994416
-0.34008336
-0.4376074
-0.18362507
-14.307951
-35.198673
-23.20953
-28.39013
-71.62255
-116.92157
-177.97818
-261.53406
-328.4663
-353.25732
-310.41492
-241.5778
-140.7458
-24.162304
-38.997173
-14.163847
-24.00177
-47.895565
-55.989773
0.18893516
-0.38776684
0.38501084
-0.0156030655
-9.90741
-33.579784
5.536297
-22.828451
-103.43716
-248.70898
-318.38187
-389.8183
-459.7403
-429.3697
-500.09302
-560.00916
-487.53644
-365.6665
-312.74786
-101.44888
2.0108643
7.94033
-24.251158
-48.597855
-19.323586
-0.46915275
0.010836482
-0.33254254
-10.276033
-25.682407
-11.76244
-49.122185
-253.6489
-409.13782
-466.69977
-292.72705
-265.76797
-209.9341
-221.35918
-239.06517
-244.84729
-422.9899
-434.56113
-351.5049
-185.48048
-31.660278
-21.227251
-29.596027
-43.716824
-1.1299303
-0.7976463
0.050242662
-9.391521
-25.284845
-134.63412
-288.27277
-362.25397
-367.91104
-155.04369
-202.10736
-148.57971
-201.72546
-97.04884
-168.21053
-197.99605
-140.01083
-309.63272
-366.4915
-283.09848
-111.131714
-44.366863
-20.401398
-53.516712
0.31123656
0.9999417
-9.25762
-18.385994
-148.92296
-269.47067
-265.51794
-329.50174
-226.43425
-98.34068
-92.51828
-112.05092
-153.1876
-142.20332
-222.1652
-162.98326
-131.10617
-123.26356
-376.2807
-473.66092
-165.44098
-101.51497
-53.67737
-29.251278
-1.0055596
-0.19907665
0.8872949
-34.919525
-256.19376
-273.3533
-325.37125
-196.60376
-145.20749
-193.399
-210.44336
-158.8502
-204.06688
-127.987625
-168.63808
-184.04074
-136.22856
-71.90571
-142.0413
-520.2746
-341.0539
-198.10542
-66.31858
-30.667105
-0.54979277
0.300534
0.100317955
-49.833744
-363.24585
-347.0509
-314.14093
-187.58006
-168.01508
-142.46669
-180.34778
-117.31447
-210.9907
-140.79858
-260.40518
-283.54504
-154.81635
-124.28685
-83.70256
-473.49683
-332.50314
-221.95502
-84.40904
-10.80842
-0.6121619
-0.23883069
-0.45464778
-83.95785
-344.77664
-426.8736
-316.02155
-145.44032
-124.10538
-162.02087
-194.61583
-189.71355
-161.4416
-166.90445
-190.8025
-211.60867
-220.8227
-147.28639
-82.887825
-391.32703
-436.19614
-299.48837
-81.01641
-25.36822
-0.20901175
-0.31617308
0.90895426
-92.044495
-338.8667
-476.65033
-310.0296
-166.36992
-82.02771
-174.368
-153.15718
-138.3334
-177.87228
-183.65674
-174.60413
-212.97758
-166.5076
-166.15349
-81.042854
-366.56906
-500.74945
-297.62756
-101.19868
-1.7407647
-0.6283834
-0.15176785
-0.15194225
-128.57268
-340.69968
-403.87042
-326.13528
-212.38351
-164.5877
-174.42363
-178.36783
-178.56668
-196.38899
-102.38672
-219.33673
-168.50009
-150.58278
-161.79985
-152.37744
-351.70493
-395.24643
-217.83464
-118.20365
-34.16599
-1.2216011
0.7682189
0.95290816
-96.33021
-341.67096
-409.01123
-338.26434
-202.17067
-143.10558
-95.31075
-143.12135
-91.81917
-203.60695
-133.66286
-242.99806
-191.93605
-179.5657
-107.70653
-166.94896
-392.04242
-348.49518
-140.7937
-94.54728
-19.436571
-0.56066823
-0.12348759
-0.06344688
-53.708477
-230.14586
-421.2009
-276.7219
-290.1337
-178.80914
-159.1976
-166.63382
-165.62518
-151.34523
-147.5902
-244.58575
-153.99614
-86.06468
-194.29924
-249.80774
-428.2388
-141.45702
-178.20457
-30.644527
-24.308802
-20.123968
0.20814157
0.9277818
-35.135845
-180.05057
-326.7099
-377.48334
-385.53903
-341.6386
-87.45402
-67.404144
-153.06195
-121.53166
-115.44215
-134.26991
-139.02295
-154.8727
-303.11536
-372.51752
-188.10992
-106.190605
-111.01891
-35.46475
-2.0374117
-19.364162
-0.0057168007
0.7854216
-15.383603
-100.68753
-169.38818
-309.65326
-339.54947
-413.59015
-369.8067
-238.22958
-175.90419
-144.83098
-103.42929
-182.81863
-289.3074
-198.06969
-263.91104
-193.02725
-96.32618
-90.86083
-64.38702
-34.355434
-11.331143
-9.386963
-0.5915785
0.8304142
-15.889461
-50.296577
-164.88
-216.2365
-314.85522
-436.01352
-415.93716
-431.3102
-428.95782
-481.20157
-447.53082
-392.2704
-278.17868
-323.75833
-234.54266
-135.38118
-119.39158
-122.841
-26.336142
-9.841537
-10.977756
-9.3481045
0.7242842
-0.69189024
-13.642455
-19.786724
-80.34557
-115.15163
-247.2213
-290.38528
-418.24
-474.43088
-596.2659
-609.23706
-458.6686
-403.983
-338.1828
-261.00647
-144.8699
-131.49683
-108.76096
-63.420536
-18.695084
-1.4040234
-19.720253
0.74730384
0.35009122
-0.75326324
-4.637481
-16.53868
-1.3546817
-33.532482
-60.12932
-124.53939
-143.34637
-205.36354
-194.74605
-258.41318
-324.66177
-266.68143
-198.28313
-192.8468
-133.7184
-82.70074
-61.556667
-19.58015
-10.1989155
-20.722519
-10.4136715
-0.7388973
-0.40376484
0.16901302
3.6691732
-21.079302
-19.588924
-10.283402
-14.917379
-14.957317
-19.835714
-60.950436
-59.489227
-6.6468105
-73.526726
-54.04716
-73.38783
-47.9379
-44.538383
-11.211142
-21.134172
-11.367015
-19.256407
-0.3728339
0.32479918
0.20653033
-0.38641202
0.3423878
-0.24950087
-0.87901294
-10.12906
-9.352668
-9.548852
-8.390676
-10.045789
-9.483613
0.66131747
-0.2446717
0.5988722
-0.17424822
-8.943438
-9.398746
-0.53169763
-9.112232
-9.958762
-8.86611
0.92635643
-0.46464384
-0.23331583
0.3120458
0.7072048
0.9194145
-0.20295501
0.13520241
-0.7145802
-0.12145531
0.26492393
0.39857244
0.31179738
-0.92701995
-0.23045778
0.22866666
-0.8004682
0.5851325
-0.88218343
-0.59151626
0.5052173
-0.781307
-0.32397866
0.35063612
-0.94425917
-0.65576553
-0.7956525
0.0
