-0.32519627
-0.68571675
-0.50349164
-0.3620336
-0.1605587
-0.8861091
-0.002103448
-0.6186322
-0.31861544
0.79179466
0.8961756
0.81813955
0.9329773
0.9876325
-0.14227045
0.08473027
-0.88579094
-0.7631366
0.4889419
0.58862746
0.041417718
-0.29467893
0.43319237
-0.5484686
0.57198346
-0.92553616
-0.1826775
0.24124217
-0.3827876
0.030477881
5.1918654
1.9721004
1.6949241
2.9730115
-1.5788805
9.857061
4.506497
6.3516417
4.2846885
2.836738
3.1319695
3.9990072
0.46611476
0.72805583
-0.037238955
-0.027275562
0.2997067
0.40276492
0.1597135
-0.14744323
-1.9493251
-1.0240151
2.8051357
3.8098252
8.353787
7.255556
24.29098
23.882965
24.175518
13.138469
19.887287
25.39615
26.504583
29.580162
36.413536
28.337963
19.457108
15.89153
-1.0206271
-1.8151078
-0.12051147
0.35283637
-0.6097492
-0.9941032
-1.4370986
3.0278006
8.930209
10.455573
10.794991
15.700406
11.271974
11.452662
-11.165349
17.313381
14.999117
23.189644
23.759647
18.943989
19.135777
12.055003
27.625975
16.271893
17.261461
2.744895
-1.6627674
0.30940735
-0.721017
0.78180933
-1.0832331
6.96743
12.802627
8.171888
17.673136
14.637995
12.285286
11.752514
45.64152
36.724583
50.752655
46.550396
18.257982
-8.545961
-7.715638
10.046729
10.508672
22.743755
17.060364
20.399967
-0.55313885
0.7612339
-0.8424518
-0.2616135
4.3177433
10.580454
8.023095
41.446854
46.948566
78.468666
91.82257
119.61166
135.77701
158.12097
179.89531
175.01103
156.83636
81.86876
73.64753
36.538322
7.379291
15.973378
20.625378
21.594187
10.507407
1.3795106
-0.99906206
-0.8316846
3.8038225
20.419151
47.13926
64.64521
105.175224
139.82314
148.44798
126.524086
135.00323
116.99097
125.81313
103.26888
100.47391
152.19348
121.84911
70.69646
63.350758
27.247292
26.637573
15.602195
14.880479
1.6504622
-0.8438388
-0.4654007
2.7941208
23.854225
72.67567
121.11669
164.09813
152.75737
108.70584
130.79454
115.09341
167.57045
128.33005
138.04158
127.98346
113.33476
151.54906
159.87955
84.18253
53.201847
40.07125
14.438931
22.299335
1.2630763
0.4816836
5.0220346
6.567009
53.756187
118.47566
131.88144
139.12436
113.80015
90.19456
88.00785
97.511635
124.57645
140.48134
150.18803
126.984924
96.01637
91.45648
162.73186
166.16278
81.73794
29.28001
26.218575
13.266662
1.9432983
-0.47400022
-0.9424379
22.263996
66.84922
121.32714
159.07625
111.749695
105.019295
120.36035
130.62576
106.141235
124.290955
110.06447
112.21257
121.18859
104.54397
73.15542
89.736435
194.0179
136.507
37.15281
29.009768
16.44649
-0.33942097
0.9303374
0.4521433
26.608662
75.71541
126.14545
163.37444
129.71696
127.62804
101.59902
97.838326
76.28005
107.53769
107.60588
145.10161
159.04893
108.63358
88.85178
76.04175
176.33635
125.38575
51.54638
31.812983
9.753195
-0.086523354
0.7346283
-0.5396409
32.37323
83.504395
133.29662
170.79082
104.17159
78.53543
93.259895
80.54139
74.42363
95.40402
108.453
108.82628
119.51209
110.02785
97.92998
106.14762
169.22517
127.21548
92.7188
25.00823
14.88661
-0.26365465
-0.30247152
0.87498736
39.72441
67.80121
169.9519
168.82309
125.06519
75.68196
94.35817
70.55019
62.993664
86.65697
103.84468
103.891685
124.86157
87.77256
103.612686
83.19851
167.75407
145.64203
81.77629
36.6113
3.4839025
-0.23405617
-0.8895948
-0.7076433
43.20647
80.20427
139.85754
164.14561
147.42142
88.0864
91.51238
84.3024
67.33969
89.9879
83.59132
125.40688
102.51924
95.54853
100.28279
111.08038
150.47386
118.78917
69.94647
42.531548
14.622359
2.2566686
0.89185035
0.21699727
33.589985
89.141
138.15286
139.54674
158.79016
78.81811
58.1389
74.0119
48.67007
93.951256
87.14984
127.517784
114.18677
105.308105
79.47686
113.637054
89.47712
146.44574
45.569855
33.224907
4.4231052
1.968571
0.99342203
0.68289495
24.26566
55.62863
148.45155
108.61214
149.0449
125.15508
141.37228
132.88121
113.263756
103.34849
131.52168
150.53308
118.19961
83.00245
98.81099
69.71009
147.02405
87.58244
66.64706
12.48467
10.44774
6.283292
0.32895565
-0.8071984
18.936245
54.509624
119.283165
134.61061
137.50813
181.91536
123.177864
121.6921
142.4886
138.04515
137.28206
129.83171
133.18947
129.44133
115.354805
122.92555
81.6278
80.74109
62.017456
16.79713
2.7293682
6.249076
0.5589255
-0.23661816
7.716115
47.40486
86.69372
140.97888
136.37268
162.69896
199.96631
185.46333
169.26402
173.06616
140.0712
166.6979
166.0979
100.41095
107.549515
103.67043
73.9339
104.25735
41.429108
17.32537
5.908498
0.72872066
-0.88201976
-0.96219337
7.759287
35.431942
71.16528
110.371025
103.80903
73.95262
88.60599
138.42685
158.73474
170.67921
161.89224
94.78325
81.587036
85.336876
73.71693
66.1512
77.65563
75.81984
14.835705
8.149592
4.5136166
2.1137445
0.86791503
0.78872824
6.000604
5.2783413
30.394695
50.985947
84.6082
89.81741
77.58715
79.243866
106.570274
96.2884
57.102093
81.5634
83.061455
64.3546
47.836292
59.283264
68.29776
30.90504
7.2135315
1.0793554
7.3847437
-0.5476794
0.68998396
0.68340397
3.2327728
6.235536
-1.7625959
17.428392
34.569572
55.082207
44.080105
43.77247
40.69923
71.75223
89.99972
80.01883
57.125294
79.3937
67.02688
43.588005
26.973244
9.837168
3.8525896
8.430999
3.33555
0.3835323
0.19959843
-0.0809387
-0.6803848
6.4177613
5.5320144
1.4855812
1.9946896
3.2732701
12.272707
25.598034
20.31756
-0.61497825
22.626694
18.407284
32.683964
20.414734
17.679718
3.7099762
9.832785
4.7164006
5.7555633
3.0611434
0.18157244
0.87381744
0.57309437
-0.7395754
-0.52831805
0.27962732
2.9759645
3.2611756
3.356896
4.4010463
3.0255842
2.9470181
-0.19550133
0.03728056
-0.7494422
-0.83839166
1.8173184
0.8548193
-0.79838645
1.3476695
1.6148313
1.0530317
-0.6067554
-0.9647536
0.44147813
0.3217833
0.22039664
-0.87734556
0.86280084
0.6523795
0.86122346
-0.33470738
-0.107133985
-0.29314446
-0.29477704
-0.090815306
-0.99828136
0.46081567
-0.353222
-0.17682087
-0.08708727
-0.92504656
0.8456005
0.6209737
0.52926135
0.13553512
-0.46458268
-0.83968484
-0.14405763
0.0
