0.4187888
0.3786763
0.7316302
-0.9627956
-0.30660272
-0.4795835
-0.98256946
0.2663077
-0.45702565
0.11326194
-0.6646596
-0.5981374
-0.7008021
-0.4220301
-0.9632348
-0.9067
-0.25485957
-0.15654576
-0.39694726
-0.68501616
-0.8622762
0.3643409
0.93905663
0.116541386
0.7244066
-0.943105
-0.019507408
-0.7290267
0.20183384
-0.23852754
-4.473205
-5.0875964
-5.809069
-6.019105
-2.745971
-11.461506
-8.302668
-7.175951
-7.3799515
-7.1837816
-6.2128463
-6.6374555
-0.3508463
-0.1991446
0.530421
0.5158967
-0.67568254
0.7182572
0.24818754
-0.2429277
-1.2383907
-0.4058615
-4.865074
-5.9340844
-15.2687025
-11.564901
-31.668749
-31.242887
-32.068752
-18.63638
-18.799932
-26.961329
-33.204037
-32.514423
-39.74764
-33.532444
-26.316473
-22.758223
-0.749774
0.10974203
-1.145549
-0.45102084
-0.9183346
-0.07018542
-0.80152607
-5.3899927
-14.457796
-17.350645
-14.216902
-22.512278
-16.04793
-20.367872
-19.086496
-44.003742
-45.439808
-56.663036
-44.026226
-43.557568
-33.24361
-18.184795
-28.872774
-21.107824
-20.706528
-3.7096667
0.31241083
-0.21488512
0.008171916
-0.4659195
-1.0088934
-11.66387
-17.616617
-10.91286
-16.954428
-34.858814
-48.020382
-61.68282
-103.02222
-107.18253
-125.85905
-112.63348
-78.43224
-41.385838
-8.875925
-23.396338
-10.28452
-19.464193
-21.562786
-25.85475
-1.5182916
0.7174579
0.27757323
0.5500277
-4.3943305
-17.28932
-2.7972171
-26.389282
-59.419247
-113.053024
-135.46461
-167.47057
-187.66322
-185.76974
-217.36644
-238.61275
-227.2698
-142.61221
-114.48834
-48.64304
-14.602649
-8.5446205
-21.64008
-25.424173
-12.596576
-1.7986648
-0.9168904
-0.63281286
-6.129839
-19.569323
-26.683332
-40.030216
-113.30439
-175.41017
-187.89122
-128.94287
-134.09612
-112.744675
-111.696396
-110.757774
-107.64765
-178.31775
-184.05643
-128.187
-67.84075
-23.487608
-16.391146
-19.685152
-19.080698
-1.3956131
0.86943126
0.9994426
-5.5674663
-19.931013
-77.39799
-133.06317
-172.76248
-171.36508
-95.317535
-116.451385
-99.11197
-141.82257
-83.94975
-109.187355
-122.94153
-96.23294
-152.6858
-180.3639
-123.381645
-51.11346
-26.927458
-16.761625
-27.434372
-2.294007
-0.08463168
-4.738359
-7.788318
-72.32259
-133.79356
-130.68614
-152.31583
-124.663795
-83.83471
-76.08072
-84.398445
-116.31578
-118.728966
-150.81696
-117.46533
-93.10546
-82.145744
-187.57117
-224.29176
-82.63244
-46.709373
-32.012695
-17.416683
-2.1761389
-0.36306572
-0.0314157
-20.794527
-107.9132
-138.70233
-172.52031
-110.06816
-104.99045
-121.538574
-130.35497
-105.510506
-125.24262
-93.5916
-110.68355
-116.68252
-100.78309
-52.83096
-88.113266
-241.08669
-160.13358
-74.03988
-35.863644
-18.96829
-1.1610059
0.74551
-0.50016034
-27.08271
-136.03416
-175.05156
-150.9447
-124.42735
-122.248924
-90.12277
-105.42123
-75.87259
-119.744545
-100.05745
-148.72702
-164.30582
-109.636086
-84.29612
-70.447754
-217.97429
-166.54521
-92.51394
-37.605396
-11.168814
-1.1287822
-0.22689056
0.5542933
-42.811047
-131.01785
-199.66344
-166.14287
-113.510025
-82.27665
-101.720345
-104.60744
-99.82294
-97.79002
-102.9774
-108.26134
-123.764175
-124.75051
-92.55075
-84.06225
-194.17902
-198.68546
-124.43268
-37.246655
-17.913881
-1.1194361
-0.4589157
0.45301878
-44.66354
-122.78574
-226.81097
-167.86203
-123.52692
-76.424515
-105.03645
-87.12804
-82.20872
-98.74636
-107.03441
-96.842926
-122.52533
-100.05657
-100.69876
-67.76385
-183.0548
-221.62547
-116.81501
-48.240955
-3.7639036
-0.57548326
-0.099427104
0.7045163
-58.520374
-122.45455
-180.47543
-179.13936
-153.12271
-92.74235
-97.89428
-89.84369
-82.56611
-102.90023
-65.98643
-123.085495
-103.813194
-94.02034
-104.714645
-107.84347
-179.52185
-166.77022
-97.53952
-51.724796
-18.300655
-1.6834551
0.51245713
0.25047243
-48.594173
-123.51348
-183.12885
-162.19727
-157.65067
-88.11467
-60.34492
-77.23738
-53.743046
-109.57341
-81.29239
-135.4072
-118.02123
-117.24385
-84.44229
-101.15507
-174.67815
-162.96516
-61.890423
-41.323963
-7.0533624
-2.4822073
-0.43845952
-0.010119438
-30.474518
-91.32409
-180.65868
-129.80362
-179.64229
-119.874115
-118.20792
-111.116875
-107.50768
-94.2434
-113.002884
-145.7808
-114.504395
-76.48782
-104.516754
-112.08948
-204.62848
-83.10111
-78.49116
-15.3883705
-12.171745
-8.300052
-0.8858861
-0.337973
-21.418064
-74.33579
-146.21904
-164.69911
-180.6133
-213.12888
-94.87319
-78.610794
-119.61603
-101.83327
-93.15535
-91.370575
-110.63619
-114.35543
-137.76164
-178.38268
-97.81083
-66.18764
-50.148815
-19.687304
-2.944202
-8.921372
-0.6699679
0.88173807
-7.7521276
-49.74576
-85.100136
-143.33414
-142.63678
-207.48497
-215.12157
-164.60611
-134.79845
-129.28955
-97.67756
-145.59789
-175.97377
-101.75023
-137.75397
-114.399796
-56.55933
-59.456142
-36.15112
-15.8643055
-6.001764
-2.931274
-0.07012737
-0.22932291
-7.348361
-31.144505
-80.00345
-112.9457
-133.43129
-154.46889
-173.97438
-201.52924
-211.13997
-229.62437
-231.68716
-164.35854
-126.7708
-136.70992
-113.78198
-70.03015
-65.17613
-68.16295
-15.359443
-4.0993834
-6.709356
-2.3832479
0.19470441
-0.7836344
-7.575404
-8.84047
-38.347668
-59.06621
-113.32419
-129.72374
-147.67505
-171.61644
-231.93234
-229.7776
-159.0495
-164.52168
-148.6621
-118.56483
-61.951153
-64.128685
-65.729675
-35.97572
-9.0108795
-1.2169625
-10.028378
-0.13822341
0.34044707
0.31599832
-2.5057986
-9.034109
-3.624166
-17.843378
-32.43511
-64.89046
-61.398907
-71.52059
-65.70946
-106.57949
-135.53648
-112.747574
-79.19512
-89.17844
-67.84757
-47.10909
-30.677437
-8.905706
-5.4033904
-10.032579
-6.102362
-0.8699043
-0.63924766
-0.97498894
0.77977157
-11.230607
-8.489983
-5.2254477
-6.2376866
-5.3376307
-12.698126
-27.538006
-25.881048
-2.695487
-32.66243
-27.50295
-37.79156
-22.834003
-24.029453
-7.645728
-11.917797
-6.828417
-9.463455
-2.0038853
0.11943865
0.20903873
-0.6282047
-0.569252
-0.46535218
-0.4821955
-5.059476
-4.347023
-4.322591
-3.9699779
-5.075679
-4.3940005
0.5180563
-0.97646487
-0.17296958
-0.79298985
-3.1529968
-3.3228357
0.9914701
-3.6217554
-2.6155999
-3.2927473
-0.55270267
0.95107484
0.73482597
0.9435319
0.11931443
-0.5905285
0.9114269
0.29117703
-0.14430034
0.3956989
0.48247147
-0.1425116
-0.44299293
0.497015
-0.8980522
-0.741781
0.3862537
-0.3303826
0.3459543
-0.64504695
-0.13066995
-0.38379276
-0.5573331
-0.63597894
0.6152637
-0.2108444
0.09945512
0.0
