-0.21633542
-0.43902814
0.25266135
-0.3704306
-0.4668914
-0.16721177
0.7215316
-0.80959904
0.2637006
0.5913944
-0.09502351
-0.6057794
-0.20096874
0.567441
-0.648965
-0.39416778
0.36348403
-0.5177438
0.3711555
-0.16189957
-0.6932448
0.56674814
0.84962666
-0.2069099
0.5480367
0.83262813
0.39508975
-0.47246742
-0.39966333
-0.63430285
-0.034993507
-1.8739883
-2.1903121
-0.83629835
-0.34726307
-0.65603125
-0.27972296
-0.79039276
1.8339615
3.3801322
2.8010287
2.8434534
0.42292905
-0.70915306
-0.8141084
0.7334496
0.4035709
0.5248567
0.82158446
-0.1257555
-0.32174143
-0.054649673
-0.6085683
-1.6655477
5.202811
2.948491
5.193428
5.780374
1.9917144
4.7436256
5.892939
8.268301
8.408259
1.7289082
5.7138433
3.366014
5.978256
7.4431543
-1.0722574
-0.61909086
0.13826719
-0.68736076
0.4646293
0.4953786
-0.8346048
-1.1170682
1.6692485
5.2289896
2.9415574
1.2735149
2.3813467
5.465463
16.751387
21.151173
21.723936
16.765972
14.552334
16.414164
7.5768404
2.777099
3.1365693
4.218937
7.433292
0.356024
-0.87017876
0.15835965
-0.9478805
0.22874129
-1.2340081
0.72215444
4.905049
1.0019028
-0.14608747
9.838588
19.924511
28.252008
35.982838
51.298634
47.309208
54.380123
57.345078
38.389225
12.971695
9.71403
2.8533163
2.959669
3.845602
6.612402
-1.5291593
-0.9886303
0.66537154
0.3815794
-0.37816653
4.3590045
-3.0882807
-9.849452
4.4536037
15.707655
23.040825
44.038376
43.53147
23.869497
31.856354
40.514523
27.824606
29.529867
31.57844
8.8269415
-1.1581767
-5.8010406
0.042179704
6.52998
-3.3699715
-0.7079983
0.29963338
0.91206527
-1.9574025
-3.1550164
-15.770513
-19.594921
-19.48589
7.857861
18.826035
-6.9322624
-7.0267363
-36.97588
-28.910698
-2.1371994
-18.848143
-0.563801
25.154596
17.149986
-2.554545
-6.8671665
-5.2920485
0.12769365
5.898073
-2.2414958
-0.61991274
0.68465114
-2.3501613
-3.5253391
-3.2026548
-12.747796
-13.360991
10.740405
-25.6757
-28.266628
-39.36965
-45.08047
-54.68511
-30.398817
-30.539936
-33.11067
-17.775393
-1.3617628
2.5626755
-14.511788
-7.6479087
-3.860884
5.3320656
-1.8497887
-0.34570336
0.5447834
-2.611815
11.2505045
2.261204
-28.169714
-18.493923
-16.712511
-29.842686
-36.596737
-36.015205
-38.504
-40.810574
-27.235708
-27.33711
-35.58086
-22.29273
-16.368238
5.555528
-11.177872
4.847047
1.79023
0.22412351
-2.9084268
-0.5580083
-0.82018745
-1.0567523
25.731041
-8.360568
0.32247022
-26.25785
-25.79243
-26.85235
-24.002123
-26.179062
-26.785624
-30.181515
-20.562584
-15.151772
-22.122423
-18.861887
-8.313109
7.8119817
-0.51006913
21.235996
5.522141
-2.7317493
-1.3099307
-0.12651706
-0.8457947
0.948261
35.764286
10.3181
0.24302232
-29.31592
-22.080862
-23.012852
-8.945316
-12.5096
-10.99067
-17.436369
-4.1789303
0.2136608
-14.528659
-15.682514
-18.525154
-5.435063
-7.9598765
19.133356
4.2602124
-3.854409
-0.19325367
-0.66412294
-0.87039566
5.6740117
26.190603
26.227587
-14.590682
-42.401035
-25.740543
-22.91318
-5.327906
-1.7893379
-5.212385
-21.389303
-7.1584797
-9.311418
-7.445364
-20.947145
-19.538044
-11.028341
5.9291205
24.877913
0.6919752
-3.6975236
-0.63986045
-0.1283344
-0.38009083
4.8361797
23.262665
28.462645
-8.488304
-48.822155
-21.184853
-7.4500966
-2.0100744
-7.3965545
-6.6252418
-12.802546
-11.198561
-10.208224
-2.4443967
-2.583154
-17.132944
-3.245713
20.08206
24.799568
3.2937236
-3.4961865
-0.8263648
-0.26285744
0.6289872
7.530926
17.292593
21.09949
-1.501946
-35.926254
-22.429354
-3.5014668
2.9335978
-5.9226885
-0.5380929
-22.360893
-10.389676
-8.079573
-8.219063
-20.348795
-20.079685
-2.881837
-0.30700615
7.5091577
8.532727
-0.6530632
-3.083774
-0.27149737
0.39002645
3.2284935
18.030315
28.441599
-0.15958631
-38.163418
-30.167128
-4.8291354
0.9435698
-5.897747
2.923815
-16.146006
-4.5759354
-6.1611657
-6.5569453
-21.134422
-16.51237
10.76946
4.1123075
1.760741
3.5317643
2.5560818
-2.924527
-0.77864325
0.47595298
-4.378267
14.979642
27.1253
-5.2948327
-29.52753
-36.038
-27.951797
-15.972042
-24.855831
-18.974392
-33.71409
-10.2832155
-18.976332
-25.592999
-15.482935
12.454298
8.417332
-26.404436
0.97121364
0.9496739
3.3258083
1.231932
-0.8552017
0.5403744
-0.7729663
9.248756
7.3111677
4.3636513
-1.4858071
-17.072306
-32.96854
-40.149418
-37.548237
-23.705103
-37.735947
-34.500984
-37.536312
-22.82024
5.074108
12.114543
-13.022425
-37.404057
-11.718784
-2.9400394
-5.1374307
0.044517763
-0.6759608
0.15358663
-1.0100638
-6.5285554
-14.760145
-23.241274
-0.8192638
-8.308413
2.9803016
-22.11973
-31.06755
-42.10331
-47.71131
-32.589024
-25.908627
-19.032417
-16.267584
-25.779953
-38.79033
-44.67768
-15.628158
0.585913
-0.15955462
0.5601931
0.77602756
-0.40923774
2.1180127
-9.287855
-0.11938001
-22.102972
-15.625711
9.304674
5.86451
14.437689
11.84364
10.798626
20.723577
24.336718
3.973129
1.0139434
-12.241587
-24.905123
-34.923847
-35.05224
-4.95396
-4.059661
0.5746113
0.8296647
-0.36964965
0.00951457
2.7761629
-1.1001729
4.48513
-0.95336795
-2.0414703
1.974759
25.904987
39.780056
46.553295
49.730377
38.068417
23.642645
15.982275
-5.495684
-12.615963
-17.903189
-21.77124
-7.8247757
2.3051353
-1.249095
1.077858
-0.5041969
0.3731122
0.22160971
2.7871428
-0.642943
-5.993344
-3.6394007
-6.2762294
-9.947548
0.9898562
8.435543
2.7508547
2.687964
10.842296
0.35928842
9.159781
0.17063428
-2.422355
-9.132304
-1.945608
-0.19951275
2.2102556
-1.2268491
-3.2650018
-0.6473125
0.07437515
0.21867943
-0.7079774
0.73413306
2.460241
2.3013172
1.502981
2.898571
0.90561074
2.7316973
0.06818307
-3.5245407
1.1190511
-0.59264964
-2.6695797
-0.7192853
-2.2554648
-1.4236566
-2.5304213
-1.2416053
-0.17007174
-2.48491
0.9667051
-0.2564249
0.16013408
0.7543613
0.22914815
0.93336236
-0.008905314
0.16888747
1.3938094
1.2772628
0.20153853
0.07469174
-0.70945036
-0.16359758
-0.39428055
0.64628506
-0.44555345
0.04128947
0.5579268
0.7445999
0.26866582
0.040938757
-0.95705414
0.61817324
0.83468103
0.35683024
0.12768936
-0.38462317
-0.39844418
0.45378208
0.26018655
0.13059628
0.30540144
0.649467
-0.6402645
0.8663522
0.85893226
-0.84727454
-0.14824688
0.75636756
0.5651953
0.578627
-0.93401504
0.74117756
-0.7504002
-0.69433475
-0.15970194
-0.981251
-0.29311395
0.0
