0.21061945
-0.34340608
-0.83842707
0.5939499
0.9702383
-0.70481706
-0.09165728
-0.4994352
0.68513644
0.6430408
0.0612185
0.17580366
0.836769
-0.2996633
0.43681455
-0.5530932
0.48205805
0.51166534
0.79580677
-0.5274333
-0.005235195
-0.16916084
0.84405243
0.23934412
0.88940585
0.61270726
0.15477979
0.27093184
0.73297477
0.43233573
0.027580649
0.40046582
-1.314908
-0.27277324
-1.7214426
-4.6754208
-5.894249
-5.228237
-8.229297
-8.008174
-6.8606634
-8.462814
-0.21623099
0.75539386
0.76420105
-0.7149651
-0.64913845
-0.630324
-0.9163513
-0.23448274
0.649749
0.24099874
-0.10307252
0.65493107
-6.1665707
-8.020339
-17.491116
-17.176819
-17.732882
-9.693095
-9.826371
-23.460766
-27.17971
-21.546215
-21.53513
-16.942135
-16.34301
-16.584202
0.26307786
0.12963986
-0.3288717
-0.88337827
-0.0432806
-0.19248319
0.038262375
-0.15796053
-6.5578146
-8.040553
-9.52998
-13.871404
-10.704405
-6.928067
2.6610181
-13.247709
-14.191213
-21.407536
-20.459122
-15.859022
-14.896538
-6.7259483
-10.770461
-7.270096
-15.888016
-2.7613723
-0.7798551
0.27203906
0.97931087
-0.28701735
-0.34392962
0.32463908
-7.6163416
-10.396686
-5.8995695
-10.785807
-29.829838
-44.64106
-81.61839
-94.92913
-96.57675
-78.67925
-52.50719
-35.232384
-1.9849077
-10.305398
-5.288341
-10.295895
-8.462309
-15.738191
-0.94766206
0.52169657
0.20485103
0.2935903
1.4704758
-8.556656
-5.5472374
-13.974064
-37.988537
-88.83354
-97.14771
-122.29718
-151.81412
-145.09166
-177.69652
-192.60901
-162.69655
-115.3721
-99.05885
-37.88101
-1.1669598
-1.9316283
-8.847597
-18.320887
-4.0615253
-0.9295011
0.2155956
0.8777878
0.38942537
-7.931761
-9.743952
-20.112759
-82.91362
-142.93185
-165.71138
-115.51067
-105.63115
-85.75214
-83.46441
-83.5225
-89.63611
-156.48634
-150.23761
-122.85101
-72.611275
-11.106279
-10.493043
-9.595219
-12.020111
-0.15527132
0.75984776
-0.059809804
1.2671682
-10.857012
-41.34576
-106.6059
-136.0813
-143.7237
-60.27846
-78.645935
-69.16684
-88.881134
-51.863903
-66.75796
-67.50934
-43.414154
-110.11709
-131.92538
-104.66051
-47.88771
-19.609898
-8.471724
-14.49777
-0.697839
-0.32698524
1.2961911
-1.7794033
-41.676353
-96.1003
-112.74228
-131.69151
-86.88155
-50.296345
-48.64794
-40.43727
-60.772472
-62.271347
-89.23085
-57.981087
-51.212543
-46.076862
-144.98315
-156.60521
-76.61468
-32.064884
-20.527735
-5.0355062
-0.06926104
-0.31501877
-0.29364073
-10.166906
-71.04568
-99.450264
-130.14581
-68.09577
-56.13358
-65.65945
-66.82172
-67.89421
-75.82919
-55.260384
-73.267006
-71.10083
-63.11175
-35.260475
-63.613247
-180.89384
-122.49178
-59.65443
-22.311716
-6.062957
-0.09467587
0.1635431
0.22733974
-21.236671
-90.88553
-125.08835
-117.28612
-75.61318
-66.70937
-51.09353
-67.28302
-46.124557
-71.85811
-52.948013
-96.85594
-99.90764
-53.92547
-45.151268
-31.12084
-174.55418
-111.24337
-72.64339
-24.350586
-5.387521
-0.32413837
-0.27158988
-0.9370004
-34.69796
-85.71032
-144.13521
-116.482285
-69.15726
-47.064137
-60.368492
-70.40531
-70.092064
-63.2221
-50.477066
-68.61633
-74.82708
-79.337
-60.611443
-52.010693
-135.98805
-143.28609
-96.613495
-22.99085
-9.6164465
-1.0715448
-0.007447839
-0.17544651
-34.332314
-86.89011
-164.8177
-113.659996
-73.74072
-31.385693
-67.4227
-58.039448
-49.741333
-66.7911
-54.320866
-61.411114
-78.523056
-59.302773
-61.59847
-46.7492
-140.99568
-169.29613
-78.101616
-33.14317
-1.1577926
-1.0704492
0.44743133
-0.09957433
-44.621788
-98.306206
-136.75893
-120.23422
-86.01465
-56.125698
-60.651592
-63.542145
-53.60472
-61.871864
-45.01482
-79.6904
-48.953987
-51.50742
-60.73577
-62.941345
-132.43062
-136.44218
-55.186905
-40.33992
-12.226156
-0.44013402
-0.29407632
-0.8502294
-34.022003
-105.84518
-134.77336
-115.4254
-77.15186
-55.787834
-35.823986
-50.242367
-28.231884
-64.05877
-42.99031
-87.34199
-56.009583
-64.69998
-46.228893
-75.83207
-132.62172
-132.61176
-40.371124
-25.375872
-5.312378
-1.0692444
0.95150447
-0.6801723
-17.096437
-75.26981
-143.24904
-103.62059
-102.20648
-67.357956
-55.90996
-59.77961
-53.104134
-56.315804
-57.509373
-88.23207
-54.41486
-44.949924
-78.20994
-85.59599
-161.42012
-53.546947
-57.24303
-2.4502828
-8.043351
-4.946457
-0.4854673
0.46463525
-11.554199
-56.17178
-112.91296
-141.5022
-149.92392
-136.23335
-55.274853
-43.036015
-62.229477
-60.03358
-60.968452
-59.42947
-53.409832
-82.49923
-125.48982
-143.88445
-81.1611
-46.19803
-41.371628
-7.323365
-1.5985354
-4.3820043
0.006238818
0.20708477
-5.063159
-31.16177
-70.367645
-105.111244
-119.753105
-154.91754
-151.20657
-110.43543
-75.271255
-60.721558
-62.390194
-87.83347
-133.50595
-80.686935
-104.85928
-86.951675
-35.575455
-56.154724
-19.999197
-6.08778
-3.1459455
-2.6879003
-0.6117152
-0.0617522
-3.2971358
-14.063178
-59.710464
-78.56592
-110.33078
-137.1781
-136.08083
-147.04732
-147.76051
-167.09392
-159.80109
-122.346176
-86.2369
-107.875404
-82.71843
-51.379875
-51.332706
-45.543617
-10.280452
0.61678994
-3.4969554
-3.4843843
0.7405292
0.98736274
-3.3126564
-5.5922003
-28.438288
-39.772305
-84.786644
-100.36817
-136.4172
-149.06529
-189.29204
-178.81995
-129.1707
-130.15054
-108.75884
-93.9317
-59.212566
-55.36818
-43.25374
-24.864145
-1.7204987
-1.6082591
-5.5463877
0.13605833
0.31189823
-0.57718027
-0.21981224
-5.1890917
-1.4212114
-14.212869
-25.543104
-43.4623
-38.029324
-53.45778
-55.64782
-84.91475
-103.07793
-85.51762
-62.725483
-62.37379
-43.787605
-25.187151
-15.413509
-0.9831492
-1.9879645
-5.17519
-3.8186848
0.5583224
-0.3009709
0.45893693
0.37201613
-5.499096
-4.3667717
-2.6342874
-3.683482
-1.9075567
-6.908491
-21.26808
-20.56693
-2.0750499
-23.414146
-19.477413
-22.388308
-11.398213
-8.510913
-2.9979596
-1.8376089
-2.9999964
-5.5196047
-1.9573509
0.3378111
0.03775394
-0.30538523
0.44527304
-0.83751297
0.8462002
-3.5402398
-2.7616549
-3.1487803
-2.2843492
-2.261023
-3.0619674
0.8051959
0.48302805
0.97879684
-0.12906575
-3.8053472
-2.1144156
0.61984456
-3.9596784
-2.9088612
-2.5290608
0.7364303
0.16026402
0.17503059
0.27331436
0.48214865
0.10467565
-0.085580826
-0.9114573
0.5789312
-0.14983714
-0.26956463
-0.9980142
0.3366835
0.8383361
-0.9955925
0.99093664
-0.7409141
0.3996936
-0.6848291
0.5248331
0.40770805
0.9560633
0.49043202
0.58488536
-0.93630385
-0.9401357
0.6219591
0.0
