-0.363528
-0.37730837
-0.29965806
-0.23718703
0.1526314
0.7254509
0.53999436
-0.18287206
0.94912827
-0.2690618
-0.2382468
0.20054972
-0.036964774
0.8155179
0.21131492
-0.7608365
0.9591994
0.3887223
-0.10068822
0.004402995
0.7814697
-0.9194943
-0.11033797
-0.2055142
-0.22890496
-0.067179084
-0.35710967
0.32118702
0.11712468
0.008995295
-0.7019896
-5.1087027
-4.1184077
-5.4860725
-1.9607778
-1.4413569
-2.5575044
-2.7094746
-1.566115
-2.957417
-1.5319628
-1.3742267
0.6994574
-0.45633638
-0.95717394
0.359447
0.77389574
0.653175
0.7359946
-1.7563114
-2.4513767
-2.5519948
-2.462213
-2.400164
0.05868721
2.0185282
2.931023
2.623534
2.6027985
10.337651
11.682942
6.580069
1.9535341
-0.7911198
1.3626299
-1.3307087
-1.2253428
-1.2799523
-3.4017868
-3.1540985
-2.81753
-0.5970082
-0.19824898
-0.61527777
-3.250809
-1.2756536
-1.6898992
3.1293278
0.7469059
-2.3673568
2.1871834
8.334153
12.949019
13.128203
14.609885
10.232083
14.266545
12.120259
7.3270574
-0.41185838
2.7166543
3.2763581
1.3095558
-0.38922137
-2.4339142
0.019525766
-0.39209914
0.8498068
-1.5627601
-1.6854162
4.5671396
-6.685599
-4.0898957
6.5333915
13.905118
13.070749
14.454015
17.058031
17.485054
34.57109
34.623234
9.203752
7.766537
-2.0893328
-4.533579
0.053327277
2.9887176
0.981329
-1.8822005
-0.9493263
-0.13375986
-0.8579663
-2.4800277
-0.74709606
-21.888014
-26.599205
-18.107983
-36.584637
-29.418947
-30.915792
-43.13665
-58.659355
-66.60538
-51.92748
-52.44326
-33.196686
-29.63412
-37.36478
-27.63211
-16.985298
-7.3968625
-3.8578253
-8.408654
-1.9141227
-0.12878048
0.8136873
-4.094991
-8.485641
-40.63769
-49.631123
-66.154945
-87.83604
-73.64428
-93.37187
-87.21074
-107.51685
-99.72213
-77.65346
-95.57903
-79.19654
-56.019226
-65.5674
-66.039734
-20.086662
-7.751675
-0.88267297
-4.362579
-2.790716
-0.26954305
0.5791366
-4.85051
-12.484845
-46.710026
-85.772675
-103.17005
-96.08113
-92.6707
-87.44145
-96.31935
-96.400795
-94.77032
-89.02307
-97.2382
-88.296974
-74.39148
-75.90727
-60.266224
-63.6761
-16.973679
-13.781396
-6.7978935
-1.3337806
0.98815954
0.9786591
-2.8369732
-7.6222754
-52.192123
-94.810104
-91.114174
-77.76845
-73.649185
-69.469185
-65.51476
-68.56602
-63.4066
-66.366104
-61.20213
-68.863884
-62.274517
-99.844444
-71.77649
-65.01037
-12.332368
-6.3320155
-8.435948
-5.2323494
-0.48849154
0.2112701
-3.6020374
0.10215913
-80.66765
-90.35307
-102.360596
-77.032745
-78.13909
-62.38218
-70.84603
-77.29052
-70.55609
-74.7112
-77.1234
-76.37214
-63.10635
-86.05906
-90.11594
-70.3391
-3.1486883
-2.2828345
-5.71389
-2.5284348
-0.85516953
-0.27991462
-5.4158225
-5.0923796
-69.02444
-95.4384
-104.06458
-75.23264
-69.41952
-36.498886
-36.205215
-43.94807
-45.89322
-40.336216
-46.844345
-53.252155
-56.579323
-87.21443
-111.098915
-60.58522
-7.79321
-4.350631
-7.944821
-2.6931348
-0.29135704
0.58615434
-4.56588
-0.18564256
-62.326675
-109.73635
-116.15781
-88.64854
-70.75227
-31.497526
-34.878082
-37.77763
-40.901825
-45.386967
-47.51461
-52.203327
-65.575554
-76.59526
-121.142586
-70.68658
-16.567125
-5.2116375
-4.4110208
-1.8065969
-0.5695754
-0.14316642
2.6687536
0.18079269
-55.58675
-108.48889
-95.986984
-71.057884
-53.410385
-25.133322
-29.45249
-29.256435
-33.174202
-32.549313
-34.618904
-39.198185
-62.442215
-78.62215
-115.168396
-56.59537
-15.951672
-1.004439
-3.0776825
-1.9168609
-0.15876746
0.7821797
1.6429157
-11.545146
-55.613148
-125.14095
-106.63063
-76.108185
-43.04107
-20.188032
-29.31092
-24.998533
-45.277676
-41.09962
-39.220898
-43.53212
-70.90835
-85.10099
-110.26044
-61.623497
-17.48007
-1.9138775
-1.6679115
-1.5403988
0.5570477
-0.92543375
-5.454572
-6.6189585
-49.50596
-126.11168
-99.897865
-75.01426
-36.388798
-12.6400175
-19.512388
-14.336064
-30.410927
-34.922596
-29.343351
-40.905556
-66.37983
-94.20476
-85.24708
-72.528534
-14.843474
-7.459874
-0.8361407
-1.6011226
0.18600011
0.16160274
-3.556441
-11.538472
-40.444096
-123.82063
-125.59354
-104.09687
-76.79119
-51.97017
-55.017235
-49.381847
-64.14322
-53.746624
-57.48361
-56.421566
-88.05256
-75.086105
-78.898384
-65.52777
-11.488265
-10.313527
0.56136775
-1.8051531
-0.13761151
-0.061599016
-2.5182629
-8.72725
-38.857788
-102.60773
-123.89483
-101.580475
-80.344925
-62.678234
-52.204746
-52.158966
-61.95117
-56.131474
-50.599003
-69.41979
-94.329155
-87.477615
-90.39569
-78.82747
-23.366274
-12.835591
-2.8502083
-0.52708805
-0.3943237
-0.47281802
-0.2208077
-8.862891
-48.728554
-85.59472
-138.71146
-160.11871
-123.96234
-119.645515
-112.92197
-114.84266
-127.624275
-115.90367
-133.87305
-127.859024
-129.48036
-121.110725
-110.11876
-92.362724
-23.690422
-7.4246798
0.46897462
-0.094727635
0.83741033
-0.7583271
-1.6219441
-15.5725355
-26.110239
-65.168686
-68.83105
-99.59093
-96.85248
-98.05834
-99.70167
-97.77796
-93.57664
-90.100494
-82.4093
-91.16999
-97.208496
-80.24574
-66.78257
-45.210285
-6.9990697
-5.2292695
-0.062884785
0.3822245
0.9612745
0.33069623
0.35469186
-3.2158415
-6.197659
-11.876298
-48.695766
-40.418037
-29.169893
-35.474625
-45.111065
-65.30478
-47.808582
-48.706703
-39.59647
-48.810627
-45.760063
-41.809032
-35.388226
-22.20449
-1.837811
-5.678742
0.74022794
-0.6400492
-0.07874322
-0.8601942
0.32074744
-2.273799
-8.307865
-3.3670015
-14.23614
-29.981218
-15.711984
-15.892813
-19.834764
-28.275787
-16.41961
-29.6221
-21.851429
-25.855444
-22.353144
-24.261703
-14.988271
-3.8512855
0.058035754
-1.7707491
-0.21592294
-0.13637793
0.10017252
-0.91822183
-0.70548975
-3.240734
-4.340165
-3.7346292
-5.1876173
-5.191674
-1.9485284
-2.2794902
-4.1597266
-9.270139
-7.3431334
-5.501108
-10.513848
-6.5599136
-9.280977
-13.354674
-8.250667
-2.2921562
-1.0167118
-2.0606322
-0.9097048
-0.04424894
-0.1944449
-0.7537805
-0.81194854
0.33959472
-0.98477834
-0.41320473
0.2749899
0.5407559
0.27277273
-1.0723963
0.5395452
-0.43835366
-0.37381363
0.4818585
0.39286166
0.8601779
0.011496067
0.47137588
-0.7028363
0.5810211
-0.41787863
0.9344169
0.9011371
0.21673822
0.91218615
0.60550416
0.6961298
0.032222748
0.3600396
0.74268234
0.95931315
-0.11913824
0.4004562
0.88297725
-0.86019516
0.18847358
0.09474516
-0.59017396
-0.46508455
-0.2876531
0.3973322
-0.29802716
-0.8591604
-0.51552284
0.15037322
0.21496916
-0.9568871
0.0
