0.99437714
0.42603052
-0.93678296
-0.51827514
0.48528647
-0.7162415
0.76939
0.5185338
0.8767743
0.11893058
-0.10338569
-0.38352215
0.40301895
-0.084267855
-0.7618599
-0.19809318
-0.28682423
-0.7957295
-0.2780038
0.24488592
0.7674793
0.34566545
-0.62004805
-0.729043
0.9445193
0.7157632
0.7796216
-0.85766506
-0.38942206
-0.12853229
3.826253
-0.45912725
1.483273
1.8104439
-0.67218894
6.9440107
0.98972136
1.6013446
5.016654
3.7177799
4.211399
4.9785805
0.6920408
0.65390015
-0.82638097
0.86117816
0.10273445
-0.7016094
0.55434036
-3.0294025
-1.8658892
-1.62641
2.112417
0.9397209
12.611964
14.940946
26.945646
26.237947
20.040415
24.773418
28.868593
31.311686
33.007572
21.352833
30.118
24.597387
21.843283
17.082432
-2.795173
-3.1656377
-3.1606386
0.28104234
0.42312193
-0.40717733
-3.426523
1.5625395
10.205859
18.60087
12.248958
7.518493
11.767289
28.18662
40.715355
56.73687
57.508595
63.359783
54.46879
44.491405
28.027712
7.5549965
22.396166
20.308496
19.9078
4.7501507
-2.4779801
-0.42460573
0.7779664
-0.80957973
-1.756152
5.9654417
21.766184
7.5339236
12.9608755
44.042572
62.367886
80.3663
103.43967
120.98203
139.83472
125.22554
111.38721
65.34405
29.535015
26.489151
10.141721
15.147419
21.006409
25.032694
-1.6097351
-0.07279086
-0.6846155
-0.2709527
1.6307844
13.201774
-7.4154944
4.4032755
41.75794
71.229225
108.60244
138.47005
142.92876
120.50906
157.47282
177.28932
156.62933
123.250084
95.23543
41.056976
15.826197
3.8892014
14.407692
18.61076
4.6085134
0.09944084
0.2541268
0.29623044
-0.4283901
7.9904833
1.1769266
7.305067
69.22446
135.7234
142.0938
71.23189
71.4177
40.255997
50.415424
65.23125
48.23622
114.14627
140.92508
88.67585
27.263433
15.073376
7.986573
10.833093
16.88257
-0.14717802
0.039384842
-0.42510247
-0.30319315
-1.1731253
33.282608
83.03853
115.455246
107.20436
19.059114
41.244164
6.9186974
27.012281
-4.3595276
25.235216
28.71359
21.81391
80.79243
97.683334
78.17577
13.041575
7.4746284
3.2927082
17.028954
-0.11139187
0.9373138
3.6924539
4.044004
29.201725
80.04227
60.413143
70.522064
46.76836
19.427155
8.634546
6.078933
33.604668
45.9201
70.14278
49.55211
22.115776
24.48069
81.5465
134.89708
31.27933
39.76351
20.268372
7.8707952
-3.4066925
0.7451576
-0.8739939
7.90333
77.375725
78.386444
102.47494
45.741585
43.222458
40.49764
63.541313
26.256374
46.985874
26.405674
40.684074
43.595394
23.212517
2.0501683
20.651709
150.16464
91.2765
82.75614
26.42393
8.079066
-3.0455143
-0.98391473
-0.28449702
13.580889
118.878975
101.09909
96.53027
46.733334
49.22111
23.843
51.25716
22.95847
56.34263
50.822086
82.75829
91.487144
48.66961
35.94043
4.392459
115.739
107.67081
89.5499
31.908712
-1.1556625
-1.7770995
-0.4408239
0.17425966
24.519403
106.61775
122.77929
91.498985
19.27071
23.546406
34.95106
51.722702
42.848732
41.73064
51.462437
66.508415
66.75872
61.076103
34.70265
7.4404488
87.26783
131.153
113.97228
26.483122
3.8583243
-1.5806154
-0.4761821
-0.6325661
33.53125
101.10235
148.17834
101.43236
27.682375
22.11208
50.57865
51.031097
27.843876
40.20739
50.359562
56.21088
63.565193
48.128777
51.43548
13.665432
98.682785
147.91505
115.158394
35.131153
0.47526258
-1.6579685
-0.88588727
0.8417171
45.94692
91.85487
113.76309
112.09872
62.092648
43.469303
57.884087
59.749695
47.92161
64.44444
27.886627
71.8508
66.735146
47.232895
47.446568
33.173588
85.577484
111.40598
80.955696
36.885418
11.419708
-4.6946297
0.90270936
-0.18969321
37.3634
86.69137
115.11791
103.63271
66.3078
31.750408
30.072512
42.4839
20.499102
63.539627
43.164185
77.4809
66.78986
39.777653
27.294613
35.907444
97.99979
107.19888
46.866497
30.673382
8.113797
-4.1809425
-0.17518461
0.63955224
23.02063
58.822227
109.65543
86.72617
85.3263
54.169514
55.667675
64.00302
55.554535
48.673256
44.383495
87.19224
50.96804
12.718862
57.078445
60.72449
128.6198
33.059017
53.378616
8.759556
8.414831
5.036194
0.23196316
-0.2575159
15.929547
43.656227
69.29095
98.02466
103.2742
106.37191
18.523664
16.831423
49.060844
38.063286
26.680283
38.66287
44.67929
37.76926
77.346275
102.05013
43.434364
8.634995
18.80438
6.185199
-4.0614843
4.5902295
0.87143695
0.7942085
3.3245099
26.56449
12.782366
69.61924
86.46919
114.82277
113.233505
57.95623
43.226326
31.284546
16.116735
60.962284
70.81958
41.243656
55.563133
46.396
9.024724
-6.5816193
6.801072
11.353625
3.4921744
4.0033565
0.3310963
0.63140726
2.319517
11.206493
31.946539
32.470127
73.94319
110.63404
106.348465
118.48086
112.58385
124.76107
135.29405
94.26806
66.64562
77.93503
61.83854
25.600428
11.357628
1.9454966
3.351923
2.5105727
3.269576
3.511434
0.35065496
-0.9170464
4.0581274
2.970202
28.329649
36.30515
60.398327
79.731064
126.83483
140.10728
182.43694
179.4249
132.31218
115.18259
98.06749
55.543438
27.304066
21.391035
8.885971
3.1143088
9.61907
-1.3848665
6.135309
0.10763228
0.44930744
0.3009206
2.0176864
-0.2980023
-9.494107
4.344916
13.833771
29.993214
45.27802
67.55626
62.59656
79.4692
107.37685
80.00584
69.220276
58.905266
33.80959
17.350273
13.767583
3.472304
5.453047
5.900193
1.6873115
0.6256125
0.5559212
0.92101955
-3.5346355
1.48454
4.271234
1.4489584
4.339226
4.3760023
4.6066732
17.70077
13.504545
-2.9469917
23.938673
18.563059
21.019876
11.594109
9.978764
1.7035778
3.5942063
-0.4605173
7.52748
-1.5880646
-0.8005147
0.59705484
0.75184035
-0.4212234
-0.87359524
0.25162137
2.6224196
1.1026821
2.1638014
1.1414379
1.4790751
1.344313
0.52550423
0.28824914
-0.5075942
0.7738527
4.8622656
3.8267727
0.89144003
4.3242264
3.9787278
3.4338503
-0.94128
-0.93292904
-0.17276192
0.816478
0.84767556
0.94251907
0.64006686
-0.53549504
0.07399154
-0.21556592
-0.48785925
0.97506213
0.4915682
-0.41338944
0.9294641
0.1652621
-0.66373897
-0.31701767
0.9589102
0.04824698
-0.34614444
-0.5354848
0.34462285
0.03780973
-0.27817774
0.47305512
0.21517098
0.0
