0.6045183
-0.7288885
-0.7543273
0.01433444
-0.13699162
0.16653419
0.87277985
-0.9319596
0.94250035
-0.6670314
0.18042445
-0.9525907
0.8602246
-0.7054466
0.40826094
0.8047013
0.1407274
0.0036637783
0.2549572
-0.7178149
-0.67295504
0.42096484
-0.41179788
0.61709654
0.67822766
0.7107364
0.7188227
0.13163555
-0.343251
-0.24958634
0.75702703
3.4807873
3.4736385
3.747006
2.138095
0.806128
0.42968863
0.84389967
-1.0377996
-0.8955548
-0.7255893
-0.9241867
-0.5057981
0.20387077
-0.9038297
0.7376517
0.33823872
0.5716336
0.12148082
1.1105974
1.5029776
0.37322167
2.1583812
1.841985
3.4071116
1.7448261
-2.3472552
-1.988186
-4.26779
-3.9132547
-7.34527
-9.601096
-7.0119886
-4.6380467
-2.64786
-0.86403227
-1.6244023
-1.5585933
2.2350998
0.32441667
1.5131032
0.41062212
-0.33162344
0.7507546
0.6878022
1.4512157
0.84645915
2.1035712
-0.7509041
-1.9749459
-3.6512468
-5.8957186
-7.345862
-11.974485
-14.973831
-5.156511
-9.535161
-4.6146116
-4.488956
0.74184537
-3.6821837
1.0553285
-2.9706402
0.58260113
0.34458545
-0.72332954
-0.82591486
-0.29957044
1.6787679
0.41032684
0.8208853
2.0015635
1.2346696
-4.5123277
-15.019115
-12.353906
-15.300531
-14.920537
-12.404322
-23.033144
-26.788301
-11.599039
-9.615068
-3.994735
-1.8135781
-1.9800538
0.50808483
-1.3333526
1.4972064
-0.5147265
-0.4718939
-0.7762855
0.7867711
3.8124526
13.019613
11.157532
6.29431
16.74222
14.769458
9.319236
14.123207
15.70809
19.447773
16.724756
23.446533
11.423156
0.7454344
6.403886
7.744644
4.891351
-0.7310386
0.98498523
4.2536755
0.737924
-0.57109153
-0.5396801
2.9435813
12.875049
18.303873
22.54992
34.8717
30.761463
23.568886
40.42986
38.256332
59.756695
54.766903
42.887848
47.359596
34.99707
23.736635
18.56896
23.201824
8.4095545
4.9491415
-1.3463732
1.4636544
1.5569216
0.9808309
-0.55522573
3.2821033
15.045512
21.93203
43.23074
30.925259
35.189117
51.467422
42.27467
41.89867
46.11926
50.453163
47.22404
53.170795
57.750553
48.297657
36.251778
24.180504
30.30036
5.4368167
2.502585
2.1766033
0.6697643
-0.32236516
0.18371081
2.1293314
16.670794
33.10756
34.979366
33.730217
33.466194
29.484331
28.395153
21.690115
21.1818
20.914785
15.516203
16.63459
38.015503
30.199692
55.175728
23.089085
32.824585
1.2939177
2.0878134
3.8969269
1.1785114
0.37811565
0.23210955
1.1904244
8.8812895
27.928057
23.556055
37.324223
19.460114
30.208199
14.191638
16.972849
21.082863
23.968021
20.226778
19.158644
24.989134
23.919752
43.92995
33.65068
23.204237
-3.2994337
3.9279804
4.693281
0.9941482
-0.6423013
0.4613738
-1.3606968
7.3470173
26.160847
31.70903
29.230782
19.263878
20.406504
3.4151678
6.0784597
11.536493
10.529736
3.1945403
6.717258
13.385943
11.639186
46.36212
45.058723
10.602253
0.3861515
4.417397
4.091917
0.44732615
-0.56404436
-0.14613593
1.8728514
6.2154512
26.373592
39.135975
46.458607
27.068388
22.562172
12.303673
13.665754
6.315318
13.943286
-1.0816574
3.6177287
17.564434
15.919011
25.718994
58.239346
16.392088
6.698493
2.5648894
2.9710011
1.471885
0.533499
-0.1783371
-0.7783448
2.6281297
18.067703
47.337013
36.532223
26.416716
16.65224
5.596959
12.527411
4.137321
18.19548
2.4151895
0.86756635
12.624827
14.143072
30.7759
49.52294
15.330901
9.299488
1.247421
-0.12870133
0.56506455
-0.19727778
-0.9359095
0.7534878
3.1869297
25.277908
51.42394
32.317455
29.08299
16.178658
5.4569044
6.806718
5.265476
15.428727
10.974432
1.5617522
13.52216
16.187326
34.12424
47.562992
10.929724
10.250607
1.1171772
2.211125
-0.37647802
-0.29462707
-0.26132655
4.328492
6.0230217
20.62319
49.897934
26.263502
27.087023
12.264341
1.8967694
4.4187737
4.241933
12.394265
3.1665237
1.7851765
12.470301
20.50932
32.04292
45.051033
12.801871
9.806886
4.015893
1.2725695
0.7987872
-0.92403936
0.50111675
4.1132536
12.528831
7.562791
47.29033
47.66401
26.334312
22.535809
12.893858
17.43855
22.34081
24.011854
12.895119
18.400118
21.834877
26.458866
33.194218
19.82211
26.501467
8.012462
6.4396214
0.7720356
0.40388846
-0.68648493
-0.6451051
2.119752
11.72698
18.830538
36.21394
48.319305
28.3826
35.29831
26.917429
20.137884
22.661541
36.717113
30.201626
21.395596
28.158892
35.06273
29.933731
25.678114
26.542048
13.68922
7.1659136
-0.5123244
0.39040446
-0.61477137
0.22177732
2.9874885
8.950033
33.403038
30.559736
55.331497
64.13115
46.758755
42.657974
42.32347
52.40386
54.52453
47.01259
49.613594
51.2457
48.632084
40.99662
45.771
40.353443
19.549973
6.407593
-0.13305628
0.7883963
-0.69596875
-0.19719458
4.22698
7.244805
21.50597
24.604351
19.059315
39.89231
44.127766
29.417303
22.494291
33.938995
24.298008
35.36732
30.093607
25.3134
31.771612
23.712706
23.282162
27.904459
7.469131
2.6952503
-0.713881
0.5226233
0.1581614
-0.35505366
1.939876
2.6840973
2.964445
1.0977627
9.964186
4.1433167
-2.2322345
15.176301
17.292692
24.912886
19.668165
9.553941
7.1114
13.590826
12.693739
12.8276415
19.521255
16.25503
1.9545054
-0.037965417
-0.6981286
-0.2485286
-0.37568712
0.3618456
2.3268037
4.8827457
5.2737103
1.4809124
1.6535405
7.7974734
5.1635895
6.943141
3.9041216
9.311024
3.4872928
3.9133008
0.81381273
5.891884
8.172998
6.7795563
6.209116
2.5948777
-0.0471465
0.19459778
-0.792302
-0.16154301
-0.8130473
0.67780995
0.44523805
3.8316395
2.8320467
2.3355987
3.537493
4.3468313
0.17924672
0.9131745
1.4197733
2.1739366
0.81677556
-1.5646517
4.54206
3.3012826
4.964684
3.2792735
3.4899302
1.7101269
0.33015448
-0.3936116
0.53147876
0.15154064
-0.9850794
-0.62765074
-0.7937193
0.47362542
0.100945346
0.050221317
0.23448253
0.5481558
-0.0013262108
0.1005026
-0.98196375
0.12334716
0.09438193
0.43336678
-0.63203627
-0.9885488
0.432042
-0.9225173
-0.062001772
-0.13407773
0.33636785
0.10444081
-0.48205018
-0.40224433
0.6124376
-0.7016852
-0.21809268
0.36159253
0.19642735
0.22584069
-0.4728315
-0.8285986
0.17191398
-0.35373974
0.03168118
-0.4911579
0.048465133
0.2225697
0.45179808
0.80796504
-0.9711237
0.4472624
-0.118787766
-0.49218202
0.53637505
-0.49017632
0.15690386
0.0
