-0.17941749
-0.96788967
0.1351198
-0.9243747
-0.8722515
-0.46063697
-0.3805524
-0.80944943
-0.34356678
-0.56880474
-0.8182442
-0.9216691
0.102267146
-0.96708536
-0.5965104
-0.8285364
-0.6619865
0.36571813
-0.5590445
0.46265614
0.93527424
-0.20226729
-0.7864945
0.069565654
-0.13829303
-0.91279113
-0.2370528
-0.42252982
-0.5715891
0.80124867
0.69515777
7.1442356
8.133566
8.775191
5.9245405
4.338702
3.5466795
3.659327
3.6685023
2.909851
3.9248908
4.2950916
0.42648125
-0.018845439
-0.39073014
-0.19984293
0.4979756
0.57229304
-0.4298402
1.8353977
3.3479524
2.9406855
4.213131
3.9780705
10.705289
12.828975
8.76283
14.034406
12.821874
16.789822
16.857735
9.102689
8.665016
11.470792
13.5512905
15.48303
8.136689
6.576174
1.7590613
2.0235903
2.078802
0.5443988
0.6411263
-0.007431388
1.8444567
4.424758
8.241001
14.516382
8.694702
6.234968
7.8753204
15.262722
14.375454
13.828498
12.140128
24.483177
14.735309
14.548583
3.7953632
6.6804
8.795188
7.7761097
4.656171
1.5236962
2.519798
-0.23842919
-0.4209926
0.44714165
1.9588017
5.955263
12.635421
-6.9238873
-3.4990985
16.756886
16.237465
24.096233
25.394932
29.05485
27.121698
20.380857
18.847876
-3.792332
-2.822823
0.5843459
-1.4106455
4.822773
6.5823116
5.971936
2.5874784
0.6014383
0.64286053
0.23938835
3.8460383
15.665655
-7.760993
-7.094898
13.095974
7.7350817
24.627619
24.628428
28.488209
30.534742
34.360867
52.701603
50.696217
52.390656
19.158401
-8.718126
-17.231525
0.38234353
14.179899
7.4146843
8.149782
1.3559821
-0.040762186
0.9671227
3.662978
13.007001
-9.995216
-0.8566921
23.950205
29.887627
29.098886
17.327194
38.066444
35.64169
23.50136
33.93417
29.707037
41.40015
63.60317
33.387993
9.880761
-8.233188
8.482284
5.2433014
9.864743
2.7869303
0.574335
-0.05027795
9.200228
8.842005
3.752117
-5.5615845
0.053926766
9.278098
20.310863
22.827818
9.351313
20.809439
-13.1945915
26.911324
32.41844
22.134535
35.577988
37.24863
49.277203
-16.664942
18.786385
6.9881315
11.509469
1.7618876
0.3052522
1.2886099
9.8733425
29.46912
26.805868
9.545297
29.031738
39.140965
46.786892
23.617992
28.401531
29.364006
15.658218
31.665335
38.36816
22.6835
24.48346
26.961746
93.29606
10.199429
11.679697
13.14555
12.1956215
4.344942
-0.72443926
0.25135767
11.422814
43.18172
22.657263
-11.205315
24.877075
54.43448
56.49652
48.98545
43.927254
48.932343
28.632105
45.61328
52.883736
36.614647
25.788216
-3.9161685
66.77142
40.49549
18.692463
13.862372
8.857875
3.4309826
-0.01674211
0.3702848
9.513344
47.122887
45.046997
-4.978649
19.217094
34.920734
42.71822
21.88414
20.409777
30.021137
17.02129
31.003336
44.01939
34.03016
35.106308
-9.662669
65.77951
53.240604
26.331812
17.143028
5.144491
3.3567803
-0.3504157
-0.9937222
16.200827
44.493587
49.829636
19.507515
28.822277
45.70519
51.360542
28.704988
24.256063
14.836125
11.576386
26.944191
23.902414
19.866608
23.976841
-12.844013
57.48914
52.30813
31.583817
18.634708
5.029869
3.3861153
0.43506992
0.4370426
18.444735
48.453316
47.81601
2.7348547
26.902176
37.83221
42.24342
21.517284
24.633066
25.674541
31.74463
36.203438
32.886673
31.463467
32.54821
-14.461239
55.775818
49.47331
40.1591
20.338505
2.220558
2.669543
-0.11543858
0.2638514
20.8375
49.994705
41.747807
-8.360361
21.942097
37.928547
38.50952
15.480265
21.097288
19.905596
10.343801
31.348724
29.152863
30.76206
35.267235
-6.364237
58.994198
45.101364
32.38376
25.829458
7.4119835
3.9954727
-0.32411957
-0.9727106
10.86267
50.306557
40.157425
15.679793
28.12151
35.607914
34.787186
11.872181
12.531757
24.90833
14.802114
27.333899
24.874674
26.653269
24.690145
-1.1124105
77.28744
8.588691
34.760204
17.833256
1.9171772
3.989374
-0.6028547
-0.7253057
5.902915
38.276176
34.653366
10.445713
34.046825
35.006866
43.844284
20.970894
24.504232
9.747678
-0.7287876
24.889606
17.44222
15.463876
24.408844
20.552229
36.818512
21.274443
29.930754
11.475592
1.4216383
7.220254
-0.33431292
-0.6553925
5.8183775
28.810177
44.75512
-10.809674
13.234922
20.165024
-4.8209896
-15.763171
2.1236107
-2.4100897
-21.554976
-7.5021744
16.155706
6.7899
34.92606
26.521063
-9.987416
24.283167
34.72677
12.716541
5.2650785
7.218959
-0.5731245
-0.5988635
0.8378997
23.992731
26.294044
40.68455
10.823981
24.320713
-1.5774498
-15.583926
-28.65147
-16.88026
-30.768932
-7.2119045
2.1033292
21.350525
7.614484
8.600111
27.470291
23.513855
23.0143
6.6144247
3.4893687
2.7376888
-0.26593566
-0.29379654
-1.3699365
10.900136
31.05876
56.87777
71.800354
81.976135
99.682915
76.24565
77.643196
81.55232
64.14563
76.96413
63.250698
41.919117
50.148552
62.068897
36.598263
48.6149
9.079159
1.18417
3.6443546
2.7284772
0.7112552
-0.23976648
-0.717608
7.6787643
14.452118
25.962147
57.348396
72.804085
72.17122
93.84187
87.44282
106.70537
90.153145
83.93722
65.12992
66.8953
60.103065
36.419342
26.535273
22.125832
1.3707691
1.43864
4.4336166
0.788937
-0.2620312
-0.22808218
0.18282497
4.527811
3.0077841
8.010686
15.088675
29.188248
34.606792
41.43314
35.83584
48.482998
51.930035
52.30038
40.2559
40.07836
22.630823
18.47336
11.941074
6.116845
1.2470319
5.4006824
3.59271
-0.019588232
-0.82879484
0.93525827
-1.6901567
5.3524036
3.8605058
4.185582
7.4399376
6.6249065
10.080662
14.997751
19.015186
10.364643
11.592589
11.552666
8.147458
11.379583
12.736605
5.676259
9.415382
6.468398
6.096792
2.9348457
-0.59482884
0.1203624
-0.86773694
0.19718516
0.37209177
-0.8373946
-0.72667027
-1.2525749
-1.2601141
-0.25030327
-0.4523059
-1.0075135
-0.36483693
-0.15340626
0.066646814
-0.22815132
2.5406108
2.1529303
-0.36777472
1.2544734
2.35885
2.4535692
-0.7965305
0.29916346
-0.060947895
0.5094631
-0.9634198
0.5916133
-0.18550551
-0.29012966
-0.8640075
0.28893983
-0.59334993
0.8005742
0.8436378
0.46552157
-0.70314944
-0.49195516
-0.93731856
0.5833999
-0.9187746
0.83247197
-0.2702123
-0.6913936
0.7343488
0.28871465
0.5552132
-0.6554327
0.17173517
0.0
