0.7503028
-0.35874152
-0.5456866
0.80503523
0.09954178
-0.7215611
-0.08435762
0.2214359
0.9006288
-0.46903455
-0.3288766
0.041110158
0.50027835
-0.9932356
0.78281295
-0.264004
0.27769995
-0.48965275
0.7372055
0.7223575
0.2336973
0.5414233
0.40576518
0.44024944
-0.9611714
-0.810864
-0.40900922
-0.791368
0.21433377
0.07151151
-0.36161953
-6.395232
-5.5766034
-5.1723857
-1.6347982
-4.1622744
-4.437845
-4.7853956
-3.3787706
-4.7009077
-4.145864
-3.4262302
0.3666134
-0.32067943
-0.08369529
-0.7826328
0.021375299
0.06386387
-0.9863658
-3.5062819
-2.927546
-2.8167307
-3.9104328
-3.9595785
-3.161861
-3.7229338
-3.8342853
-7.9069915
-5.843163
0.3943119
-0.83294123
-1.6957442
-2.1977925
-6.6669226
-7.146561
-9.385868
-8.581066
-6.4261703
-3.0685914
-1.9489119
-2.951676
-0.4143765
-0.9210392
0.05212319
-2.915938
-3.6297374
-2.689138
-4.54677
-5.5323825
-5.77247
-1.2484335
0.06978595
3.9312773
5.8036966
6.5105133
5.315618
2.5600448
-2.5336385
-1.938469
-6.114242
-2.266004
-1.889699
-4.4890237
-1.2773153
-2.1814797
0.7157656
0.24882019
0.6046711
-2.8213968
-5.2629275
-1.0525999
2.2295866
-1.975339
-6.2973175
4.859322
20.611294
17.487516
28.429676
21.401297
22.493877
29.81192
21.925081
6.064335
-0.39423934
-0.86303294
-1.9376605
-1.9809064
-5.694617
-2.7821078
0.37774205
-0.9254198
-0.6705811
-4.6216807
-9.562113
-14.040204
-28.739683
-26.03528
-33.0626
-20.968315
-23.648489
-18.458113
-37.189465
-33.987778
-23.383465
-25.740797
-9.519035
-11.514674
-27.634071
-19.27514
-11.220666
-5.7786427
-4.340763
-4.928783
0.018773258
0.712
0.74855614
-4.2279367
-16.838085
-37.949554
-56.984276
-59.76423
-61.574276
-40.934673
-44.8403
-60.926643
-80.298355
-74.46568
-57.016575
-62.14329
-42.148212
-19.801111
-16.811344
-31.08385
-18.297047
-8.293129
-7.950131
-7.5262218
-0.8967482
-0.35940266
0.8210908
-8.244186
-15.73142
-38.63004
-55.774494
-75.12886
-60.783993
-58.952442
-67.5576
-76.69974
-103.24053
-90.20548
-95.77485
-92.57466
-80.38584
-66.57467
-50.920284
-37.876667
-27.787727
-18.495188
-14.557684
-10.473933
0.9965948
-0.043572783
-1.1430545
-6.7758937
-22.672567
-45.186966
-80.342125
-81.10192
-71.17058
-84.70505
-79.50516
-89.68562
-104.06334
-97.60848
-108.15545
-91.35547
-79.82345
-67.9082
-84.37784
-64.50544
-38.163177
-8.062616
-9.551302
-9.5915785
-2.2029662
-0.74494314
0.724089
-10.177875
-10.246646
-62.613796
-71.1136
-74.403786
-100.10231
-101.79648
-97.63393
-102.834595
-105.24665
-101.71059
-110.4032
-106.77468
-107.59439
-84.90033
-70.84367
-65.671425
-36.188293
2.988121
-8.611577
-5.878715
-2.5416298
-0.09527409
0.9302919
-10.909646
8.871308
-52.57196
-74.14366
-107.19228
-110.65531
-89.55357
-56.433475
-55.40683
-71.01026
-81.24779
-83.980675
-90.62462
-90.258514
-88.884766
-94.74413
-79.50693
-46.33406
-8.58638
-9.208444
-6.2091117
-2.7369237
0.9803809
-0.4700507
-10.710576
0.58804786
-41.776455
-96.87729
-122.34571
-112.39096
-99.28827
-49.92768
-52.083015
-61.895916
-67.39529
-80.25887
-76.25102
-77.1181
-82.424835
-90.041306
-92.37396
-41.354183
-25.819977
-9.377177
-7.6197476
-2.3691924
-0.7125201
0.7227894
-8.944339
6.41337
-46.58097
-92.2405
-115.47236
-104.080605
-85.45257
-49.458164
-53.078037
-51.997196
-63.382732
-70.66064
-73.67817
-66.416046
-95.12735
-86.09553
-89.84391
-43.257065
-21.34381
-8.036197
-0.5543315
-2.2334347
0.7501633
0.25513744
-4.463673
-5.623953
-41.5554
-94.23673
-119.77891
-98.0831
-69.21827
-31.072094
-40.677677
-45.064133
-59.18113
-74.60104
-65.99103
-71.4579
-92.48898
-86.872185
-86.39691
-32.787697
-26.61424
-8.930422
-4.952388
-4.4902997
-0.02840817
-0.67755795
-7.960899
-1.0372641
-41.720398
-75.30997
-117.56209
-97.5889
-59.96065
-27.80721
-37.06077
-33.902336
-50.090935
-65.417206
-60.94136
-72.52302
-88.69143
-88.37366
-60.540485
-50.798088
-21.660793
-10.174246
-2.1084938
-3.6221828
-0.005045891
-0.69127595
-4.271237
-11.829296
-42.797264
-72.168915
-117.04611
-127.69757
-104.079384
-71.60496
-75.05473
-69.64898
-83.43949
-89.74934
-90.5238
-76.644554
-78.64722
-46.63515
-78.46435
-56.68066
-17.107471
-11.94569
-4.2272644
-4.479679
0.2018516
-0.25478697
-5.418379
-11.14603
-37.271015
-53.69927
-74.12674
-141.50755
-116.66933
-98.05923
-97.24791
-103.86956
-100.23043
-90.65887
-89.428246
-89.96175
-67.90212
-73.77232
-80.26103
-68.90627
-30.953718
-15.127275
-5.3935986
-5.6748466
-0.1195302
0.8020741
-2.6694145
-17.800816
-43.78617
-68.66811
-60.261543
-98.79947
-88.96765
-106.700386
-107.589424
-129.22397
-113.08119
-112.75236
-97.51706
-78.4911
-98.65824
-108.17251
-85.96545
-73.670166
-20.044376
-9.910803
-3.6032977
0.57553375
0.2791487
0.4962697
-3.4000401
-21.533228
-42.08491
-73.570595
-72.08578
-58.917164
-51.955254
-64.05771
-72.34748
-83.58736
-60.999447
-35.773506
-46.486702
-60.477398
-84.9533
-80.01239
-57.367638
-51.4769
-10.616716
-7.2222767
-3.7887807
0.98500144
0.9316684
-0.39475822
-2.1355753
-8.158741
-9.142282
-26.92416
-65.64603
-85.25717
-44.81461
-41.125053
-32.451614
-33.741985
-21.324545
-59.527218
-68.693214
-69.85799
-64.9941
-63.761997
-50.685276
-32.16445
-5.8719854
-8.64394
-3.1999183
-0.12922633
0.69876885
0.020239115
-2.509069
-7.2592645
-6.6584597
-1.7277101
-22.362604
-44.92625
-28.143805
-24.71229
-32.161667
-42.52165
-35.832455
-43.5182
-34.175453
-50.539913
-42.65661
-36.972214
-17.316109
-6.3963833
-2.8483775
-8.541666
-3.2964597
-0.9981139
0.3161261
0.9547572
-1.3538076
-10.167388
-7.5118403
-7.351416
-6.8187475
-5.77567
-8.968404
-7.9390945
-10.417704
-16.855923
-17.180803
-17.788012
-18.97359
-18.900873
-18.191162
-18.925833
-18.873558
-8.234563
-6.246316
-6.4654307
0.4768268
-0.81566334
-0.72778964
0.042697072
0.10725689
0.983657
-0.13862944
0.7043712
-0.5641457
-0.50809014
0.01693666
-0.37641835
0.53460765
0.09207952
-0.39295256
-0.67561007
0.9166416
1.2091494
0.15891302
-0.4298692
-0.69345236
1.1734045
-0.07027793
-0.5922406
-0.4131708
-0.7151756
-0.43984663
0.91749084
0.7375808
-0.82349205
-0.19500303
0.492656
-0.67484045
0.055515528
0.8382503
0.5049069
0.061344504
-0.6727581
0.14384425
-0.65530264
-0.18958664
0.2960366
-0.5659325
0.52332723
-0.11045468
-0.67449045
0.6400627
-0.5553938
-0.37124026
0.0
