-0.9781829
-0.18616807
0.50586534
-0.8388475
-0.8159982
-0.20967162
0.920102
0.5579324
0.72664404
-0.9051553
0.3016473
-0.1861924
0.4718393
0.5526775
-0.3882537
-0.45115745
-0.41708767
0.87378573
0.9902475
-0.29020238
0.44061387
-0.407753
-0.010715842
0.53196967
0.040247798
-0.22939157
-0.22814775
0.8789195
-0.97397316
0.21482909
-0.88067234
-3.9250283
-4.3527136
-5.301589
-1.9178123
-3.8028862
-2.9235299
-3.6112561
-2.1383698
-2.6812975
-3.5970113
-2.0649219
-0.7018273
-0.48965955
0.7914188
-0.6294793
0.22077715
0.1457411
-0.9320129
-2.4909048
-0.7183885
-2.148296
-1.3794141
-1.444597
-7.0413933
-8.454219
-8.845409
-13.880153
-11.939171
-12.416607
-12.883641
-10.403878
-7.987961
-10.087854
-11.927521
-10.399346
-7.385613
-8.179607
-1.5878745
-1.5677646
-0.78688115
-0.0937742
0.8711519
0.14609528
-0.9273216
-2.4130993
-6.0999894
-11.318954
-9.397531
-6.134901
-5.819316
-12.565212
-15.104177
-17.84666
-18.662016
-20.708273
-18.730503
-17.809492
-12.9888315
-8.246339
-6.656224
-5.8017526
-6.8319454
-1.7657609
-1.5273154
-0.5816618
-0.25444484
0.87251353
-2.1329863
-3.2376716
-10.743989
1.377016
-1.7170773
-18.005487
-29.733114
-33.865055
-40.82292
-51.624905
-57.08048
-50.37837
-42.58059
-21.994108
-8.515673
-10.565489
-2.31898
-5.0175986
-4.9216695
-6.614423
-2.3998458
0.4598732
-0.98060906
-0.14231598
-1.0755273
-14.019899
1.7550615
2.3822703
-22.227081
-32.203083
-56.089787
-59.159653
-61.861263
-65.69288
-77.679054
-84.62575
-74.63671
-79.58621
-67.630684
-36.924194
-9.476949
-8.439634
-9.716437
-6.8380713
-6.2322345
0.43622458
-0.7738792
-0.116752625
-2.2203305
-15.164477
-11.540624
-18.766222
-76.302284
-86.71784
-74.4693
-61.57848
-57.715714
-52.338
-55.708035
-50.966736
-55.803738
-70.97439
-89.03591
-74.43366
-54.296646
-25.910501
-8.195822
-8.856688
-7.0732293
-1.3148575
0.62693906
0.13926435
-7.2717986
-12.99933
-25.01829
-41.06757
-57.779026
-52.257835
-44.513363
-39.983833
-34.41202
-53.571804
-30.078867
-44.74781
-42.966045
-29.881172
-54.016674
-73.50567
-73.43978
-42.104477
-25.23909
-12.463178
-10.086284
-0.37946594
-0.22022009
-0.69361377
-8.688048
-30.347828
-57.711494
-39.480484
-74.48006
-60.049183
-51.67765
-38.35885
-42.378593
-47.7731
-49.47768
-63.046272
-51.650288
-37.597546
-35.479366
-62.632824
-127.61051
-50.472668
-30.531788
-13.589476
-8.1263685
-2.587743
0.056904435
-0.529657
-10.820082
-49.291664
-71.86906
-34.230125
-74.60948
-66.14909
-76.306
-69.76628
-67.28865
-73.19588
-60.15072
-71.71928
-71.65775
-48.869755
-34.617638
-20.145489
-107.237434
-89.623276
-36.397728
-17.1705
-6.2161627
-1.1800628
0.40568423
0.056049705
-10.904314
-57.49561
-79.49826
-49.942596
-56.102276
-53.415184
-59.810402
-41.83789
-30.636414
-46.009754
-44.123466
-55.152866
-62.32537
-40.920517
-38.362003
-20.178116
-97.35513
-94.89264
-49.387554
-18.875763
-5.6440477
-1.22048
-0.7727246
0.41626704
-19.031456
-55.52801
-82.76488
-68.91009
-59.461163
-62.65636
-70.55603
-49.089283
-46.182655
-35.772884
-38.97895
-50.586826
-50.222412
-48.624737
-41.962605
-16.495302
-94.06211
-99.80409
-58.215702
-23.29347
-6.798285
-1.2991427
-0.9845418
-0.14813256
-23.047459
-56.79511
-88.87719
-46.70393
-57.179497
-52.870552
-62.81727
-36.137993
-36.950436
-36.866962
-44.889492
-47.329807
-48.565536
-40.327995
-46.97937
-13.447576
-96.35761
-99.07787
-57.42161
-24.63438
-1.854348
-2.1628518
0.35299098
0.16339374
-25.611439
-63.794838
-89.3045
-45.53281
-63.03747
-57.010002
-52.227425
-33.555298
-34.446445
-33.32449
-31.661102
-54.741787
-40.439564
-39.907227
-49.172447
-25.430326
-106.48774
-81.75826
-52.67598
-25.51542
-4.726936
-2.019259
-0.9945909
0.76505315
-15.355111
-59.911137
-96.0363
-52.398937
-63.32871
-53.461468
-36.832798
-22.843008
-20.052797
-34.39989
-33.701473
-51.5543
-38.92014
-39.485233
-45.393585
-35.854828
-107.54982
-70.40233
-41.49055
-21.162844
-2.4803798
-3.3387146
-0.81772447
-0.88360643
-8.218316
-43.457405
-87.147934
-61.943943
-76.45996
-57.01418
-56.24984
-35.815826
-36.867767
-26.882132
-30.256144
-49.26056
-41.60698
-27.357014
-49.96286
-48.18249
-101.6013
-56.232376
-38.40921
-9.767302
-2.3111947
-5.4019914
-0.44653118
-0.4502735
-6.4833903
-31.331402
-72.17341
-56.868885
-80.454575
-74.218414
-34.17848
-21.754765
-38.286373
-35.625027
-24.435219
-30.286905
-42.16765
-33.420223
-62.99112
-77.85084
-53.305626
-51.512524
-35.475224
-13.554577
-2.7974772
-4.9540477
0.3131721
0.42487502
-1.7095402
-26.496643
-38.888424
-85.14356
-79.577385
-87.444435
-58.74293
-39.438267
-24.775923
-27.17027
-22.12843
-41.940125
-44.87669
-59.398956
-76.99592
-60.757442
-70.91554
-51.916737
-23.000145
-7.990403
-1.6264452
-1.4067078
-0.5231956
0.83384335
-2.9345536
-17.303839
-41.74791
-74.87429
-108.54882
-126.268875
-118.36898
-109.19029
-113.11294
-112.99524
-96.3921
-92.48053
-86.80742
-96.0094
-85.34771
-76.759964
-56.43322
-43.582775
-7.215361
-3.8455696
-2.8618767
-2.0369349
0.67621446
-0.19348192
-1.3789037
-6.02427
-13.25242
-27.977446
-70.76822
-105.56195
-117.96983
-122.64565
-123.382645
-130.51509
-105.62365
-105.60682
-102.75171
-81.01197
-70.05428
-57.94396
-38.379093
-20.193384
-2.7733734
-3.8828626
-3.7203217
-0.40911734
0.98603535
-0.86547184
-0.81227297
-4.0704803
-3.7657306
-6.183834
-20.569464
-39.212353
-49.526596
-63.503147
-67.59201
-77.22398
-78.37347
-72.02129
-57.14185
-58.072628
-33.018085
-22.838568
-10.875507
-3.5507894
-1.947798
-5.443278
-2.9263976
0.87426436
-0.23082566
-0.4660957
-0.033092022
-5.563809
-4.5578294
-4.0980086
-5.6167417
-5.9840484
-6.3757496
-12.979175
-18.833681
-14.932959
-22.037947
-21.299448
-14.605753
-13.053466
-10.245488
-7.5620375
-8.336965
-4.254345
-3.3603659
-1.6585116
-0.6533153
-0.86277926
0.1719948
0.90819764
-0.113289
-0.68633485
-0.19620505
-1.7801679
-0.35489276
-1.5600258
-1.1336211
-0.3571463
0.9104204
-0.5030254
0.21223319
0.23605514
-0.2840219
-0.9830064
-0.20857882
-2.0046656
-1.2031837
-0.91860527
0.35276234
-0.4336388
0.77425194
0.55213344
-0.27017975
0.9522295
-0.13234401
-0.6771238
-0.9758916
-0.3762555
0.46753085
0.7894958
0.9133657
0.4348333
0.44622457
-0.22353303
0.8164998
-0.8499721
-0.54424524
-0.40101564
-0.8074992
0.35217142
-0.111144185
0.84904647
0.053553224
0.69371533
-0.63506114
0.0
