-0.6518676
0.63264704
-0.20411873
-0.8729458
-0.98833954
0.71234596
-0.50949395
0.14722848
0.23063993
-0.43036175
-0.24733114
0.18280971
0.19184291
0.7304379
0.44395387
-0.9530313
0.9863161
0.9864063
-0.93138945
-0.2749139
0.108798146
0.70147073
-0.45502603
0.08557677
-0.16249931
-0.65856326
-0.66690207
0.57472014
-0.39381647
0.31856704
1.8503975
-0.30697584
-1.8932763
-1.80081
-3.8348367
0.39862525
-1.015972
-2.1561463
2.281634
2.045349
0.64497375
1.8859704
-0.65692794
-0.27720523
0.9487195
-0.7580694
-0.4295838
-0.2599293
-0.5162368
-1.1870531
-0.038741827
-0.4048159
1.163585
0.79598093
-2.1416447
-2.2345598
-1.913169
-2.4028256
0.42543352
4.0116844
5.8646073
6.242081
4.12478
-2.198575
0.20230566
-1.2676699
0.22910474
-1.4138467
-0.974568
0.12546134
-1.3684667
-0.39326334
0.31118155
0.2187401
-1.2032665
1.1283376
-1.4763305
-2.4526002
-4.626978
-5.807355
-1.2112077
-2.944318
-18.30153
-24.684923
-23.18668
-16.50541
-20.250216
-17.491543
-15.297299
-4.1292377
4.7492356
2.053126
-1.7018577
-2.8826663
-0.18455243
-0.3416934
-0.18405426
-0.8193891
-1.5426694
0.108082294
-3.4527605
-14.152191
-0.023948297
3.7210152
-20.954622
-18.720062
-38.678482
-42.392227
-38.254677
-54.523396
-46.42389
-44.484203
-23.33281
-36.988853
-15.494694
-1.6824067
1.9733074
0.20089184
-0.43363643
-0.08375144
-0.69243276
-0.075804114
-0.016674519
-1.5553968
-27.72142
-20.544428
-50.27688
-63.170692
-68.348236
-106.15755
-87.55067
-70.66018
-68.06502
-79.347824
-93.963066
-97.89874
-93.09976
-62.906338
-36.509125
-4.0380754
0.6372485
3.1465886
1.6744109
4.198589
-0.2135793
0.31761217
-0.53397894
-4.3028584
-15.941038
0.21419357
-83.56311
-108.985756
-94.67305
-100.55868
-101.61553
-91.9635
-90.85302
-112.77385
-97.5485
-69.89272
-112.866005
-161.61377
-97.40519
-34.298252
-3.8908403
-3.0401714
-1.0048267
4.560179
-0.3044902
0.018896222
-0.5671916
-6.777955
-24.066864
-89.66394
-161.42294
-135.4855
-142.3491
-109.86325
-111.56302
-103.225945
-98.901146
-107.02522
-118.50461
-100.50627
-93.69998
-108.85981
-141.32338
-98.191444
-28.03286
-20.931332
-2.1645343
4.6435566
-0.23851585
0.7220789
2.4251192
-27.40494
-19.038376
-74.64034
-138.2594
-123.18319
-78.89106
-59.19863
-56.860863
-48.94272
-37.9933
-64.898796
-55.47297
-61.222084
-75.840576
-120.91609
-141.05522
-76.40847
-50.25428
-5.798773
-1.5162421
2.5076854
-0.29561412
0.64046645
-3.2366726
-35.769978
-54.94364
-70.889824
-192.30368
-82.88035
-74.59825
-55.0325
-60.517677
-72.78134
-49.398262
-75.72438
-74.23129
-45.29648
-49.734108
-93.471886
-149.9781
-86.951935
-69.835396
-8.468927
-0.48692513
0.19552112
-0.1524396
0.7657902
-4.4571414
-62.933853
-77.25983
-84.42245
-161.19139
-62.099297
-58.29638
-46.586166
-20.493546
-21.712242
-20.530792
-43.700836
-44.75379
-32.616856
-55.157436
-88.21009
-163.9924
-72.124084
-72.589
-14.080619
-4.184489
-1.575517
-0.4013828
0.2924006
-10.547024
-31.442347
-80.99119
-97.7646
-152.66353
-101.22362
-63.410057
-49.353645
-45.029076
-20.748415
-17.221306
-40.182236
-40.96797
-53.42134
-60.88539
-61.996437
-161.20615
-96.9277
-54.490967
-17.376415
-3.045418
-1.3421904
0.39927924
-0.62908125
-10.432126
-29.818409
-79.84491
-94.728
-140.1144
-72.253975
-46.29206
-22.597528
-28.187994
-25.686033
-23.14316
-35.130806
-40.960587
-34.648438
-67.330666
-65.06014
-165.94473
-88.97236
-64.406166
-20.864286
-1.6816459
-1.163997
-0.94358516
-0.9187279
-3.007877
-51.153168
-85.04543
-111.96381
-156.19609
-102.88173
-56.016357
-37.929283
-35.92939
-25.74181
-25.497076
-53.417183
-36.49739
-30.017979
-70.81225
-78.12023
-164.54591
-79.77383
-50.36754
-4.538809
-4.3374844
0.80456567
0.3684963
0.5028697
-3.1652315
-35.131893
-129.08817
-101.8043
-141.65158
-93.41114
-38.18239
-14.742693
-23.53748
-34.49789
-16.587788
-52.234207
-28.443933
-23.11039
-78.58428
-91.84125
-191.57263
-70.82534
-49.18448
-13.009839
-8.753507
1.1673558
-0.34881532
0.831509
3.043555
-48.1111
-78.751625
-108.53378
-200.91524
-106.29345
-73.42468
-39.58116
-40.058296
-53.046135
-34.855274
-57.027733
-64.31064
-44.867912
-119.808685
-131.3907
-164.18495
-63.048466
-30.456694
-12.643619
-6.8374014
-2.7740362
0.14269269
0.21531713
3.1640937
-30.725676
-55.19564
-122.43497
-181.59279
-143.96465
-60.301964
-21.814571
-38.66494
-46.551834
-32.554165
-67.30242
-57.21926
-65.19057
-117.34563
-166.68411
-100.2094
-66.15593
-16.46376
-12.7562
-4.2501554
-2.1237636
-0.6659694
0.0074192286
6.3179955
-6.2048473
-40.182793
-89.28167
-167.95183
-242.47064
-148.19719
-117.63194
-91.78384
-77.03812
-101.70291
-120.68537
-124.16403
-149.63998
-193.48737
-159.51445
-105.70773
-37.020042
-10.619755
-9.150741
-3.8830118
-2.2843688
0.021192431
-0.9040822
0.5594952
-6.1194944
-20.620506
-73.5509
-89.71644
-178.59235
-170.28763
-160.64404
-165.65543
-143.92705
-157.23468
-151.51457
-140.91957
-156.99707
-150.07474
-79.27804
-21.56517
-17.574203
-4.368004
-6.5410852
-4.681814
-3.511943
0.3157953
-0.12784469
2.3730435
-4.431016
-14.141185
-30.101286
-43.933304
-75.186264
-91.08874
-104.722786
-135.06668
-135.34262
-111.607666
-91.75079
-81.96661
-62.458267
-20.985298
-22.623896
-14.066694
-22.939434
-1.8008279
-5.7951508
-7.1407614
0.7729255
-0.02236545
-0.7638718
4.0379114
2.4297485
-5.13824
-4.676416
-14.297966
-39.640198
-45.219955
-56.010567
-53.03808
-77.64162
-69.245804
-56.70529
-41.154358
-41.730324
-40.6472
-33.149677
-23.391996
-4.0791454
-6.0306892
-9.855968
-7.258959
-0.8082086
0.24707341
0.81330395
4.40313
-5.472318
-6.1116805
-4.203453
-6.698552
-7.2811537
-2.1897745
-3.7700284
-8.830208
-15.483237
-19.535524
-24.408083
-12.561841
-8.066915
-7.870968
-12.590158
-5.217147
-2.571138
-3.6941779
0.42191052
-0.8164282
0.9366218
0.85713756
0.26998997
-0.27966213
-0.5517336
-1.474268
-2.6711838
-2.8897738
-3.2724469
-2.818609
-1.4546342
-0.87901187
-0.83898914
0.217381
0.16708553
-2.965792
-2.406236
-0.19825351
-3.0967104
-1.8947287
-3.260423
-0.6313255
-0.7010727
0.6347437
-0.29917693
-0.9053632
0.26478958
0.5897677
0.2786461
0.42255032
-0.86685336
0.09330368
-0.9784039
0.38807547
0.36639416
0.3159299
0.013418317
0.75906456
0.60879993
0.13963997
0.7911751
0.06291723
0.129166
0.5694109
-0.18438494
-0.85247684
0.975997
-0.65326643
0.0
