0.25027192
0.71904385
0.6417773
-0.4130411
0.7108246
-0.35282385
0.07012069
0.7388953
0.121545434
0.2714213
0.9262892
0.06725764
0.06301606
-0.7728238
-0.242311
-0.03601086
0.6666869
-0.91690874
-0.96014893
-0.75525284
0.11291492
-0.25857997
0.086473584
0.4822458
0.74964654
-0.95581627
-0.8389909
0.27467656
0.014832854
0.2966746
3.1264246
5.542198
8.197042
8.712935
3.8374257
10.551902
6.8861136
7.27891
4.9635253
3.8394234
5.07401
4.878822
-0.035967708
0.9943769
-0.29371548
0.89094126
0.06901562
0.78853464
0.8263401
1.4271989
-0.023375362
-0.05398062
3.4017594
5.1176467
15.564229
19.22742
27.415665
31.298323
30.70811
27.43266
37.004234
30.612467
29.30291
30.210588
35.644714
29.97736
20.787022
17.449158
1.1449357
0.2764821
0.759276
0.35793483
-0.39100587
0.7384492
-0.14155644
4.3296175
14.898131
23.318007
17.912516
22.171276
20.75629
40.6276
53.11143
75.36629
69.905685
73.50769
66.68148
55.216217
40.80904
14.196218
27.630932
16.97695
18.009066
4.9745855
1.018329
-0.597769
0.4602244
0.48086882
1.4785446
10.248159
23.108524
4.101624
13.580603
54.49619
85.05213
107.41592
134.98956
158.1882
173.52301
181.27373
165.19386
102.93716
29.760025
29.619886
3.755654
15.94048
17.489077
20.941736
1.371001
0.18075204
0.8252505
-0.66892886
4.5685835
19.210077
-13.44057
-10.7929325
42.6692
75.32925
127.51651
147.7751
174.8874
143.7909
161.08641
192.65977
159.00894
153.99602
152.1095
63.36051
7.529243
-9.67811
11.851818
14.234385
4.8605967
-3.0453985
-0.88066936
0.37028873
2.0746765
12.7442045
0.49236095
11.496269
105.37236
151.8135
148.76312
84.679085
84.36879
55.745033
75.93328
92.98306
86.58951
133.10765
173.62206
142.54385
58.28673
26.145693
8.915785
18.069115
14.209663
-2.8694751
0.11414516
-0.12761283
6.126951
11.901963
44.34453
70.10651
86.439354
103.15207
42.63093
30.461409
14.491867
37.884445
-18.99173
22.160067
33.589493
21.373959
84.765076
120.55097
107.72335
28.997015
22.131483
11.530227
21.479525
-3.4721956
0.1289767
2.8573985
8.499069
66.64269
88.62308
35.718586
78.720604
69.99851
19.453407
-1.0814604
15.867619
22.744953
28.252192
72.240845
49.590603
26.573952
40.248714
99.33716
229.42192
47.30083
59.39885
22.961292
8.381028
-2.2548838
0.8657365
-0.3927498
21.292994
122.70474
94.82772
46.535866
73.75809
71.055016
69.84923
89.90859
69.598564
79.42438
42.834866
72.90028
71.27599
24.32015
8.503697
7.123148
199.88043
134.11407
103.01226
29.491581
9.869313
1.4408017
-0.05240941
-0.6630193
22.445816
171.79956
102.72372
97.55601
47.73228
54.624275
57.68989
74.36464
46.911526
66.14995
57.837036
102.63499
118.16833
41.40044
20.319553
6.4955115
158.25275
147.73402
114.976364
33.765285
2.4022846
0.8582616
-0.8708569
0.81175816
43.404095
159.58186
136.66368
126.87433
30.636189
56.473557
78.35972
92.93039
87.06962
71.08699
73.2809
86.901
89.72888
78.70247
36.763863
1.4806908
161.26234
160.57275
140.76788
36.273727
7.8284655
1.0213718
-0.258165
-0.37194633
52.575882
149.63606
172.0398
96.165955
23.219208
44.4105
62.15476
65.351715
67.24633
74.49748
85.84286
89.29719
101.48416
66.77019
47.51898
-14.670548
168.7351
181.67984
141.2229
45.06756
-4.2836514
0.5707662
-0.7785783
-0.65065706
61.580074
153.2726
158.36885
103.16786
45.842815
64.41248
80.62133
77.975655
71.52183
76.01957
37.079876
101.55052
61.78907
50.310608
37.040955
-3.5395346
159.20555
137.95744
119.39566
33.083862
4.527024
-0.72562957
0.53509665
0.69191456
34.838783
149.01756
183.47255
104.935
51.771652
50.66159
38.17946
55.13402
36.736855
83.35472
57.45689
105.202255
77.759964
67.85363
36.065136
38.343494
183.12099
133.7499
75.95619
32.75953
5.403231
-1.6225816
-0.01597321
-0.49909222
17.624445
106.1345
167.61992
106.7565
85.93782
40.209843
62.252777
62.762524
51.22572
40.33681
39.167095
80.82788
54.096577
17.455635
57.635822
102.382385
169.1297
71.89597
64.982574
10.5679655
8.662429
4.8946996
0.20277655
-0.6616998
11.088817
78.44146
109.77774
111.06514
137.09439
97.818245
-4.842709
-2.6097012
41.99327
27.802444
-0.111386776
22.965322
27.317862
23.956276
89.3653
130.8611
59.71708
43.91756
35.88039
14.396702
-2.3292048
3.8121743
0.21029127
0.123699665
2.6594465
50.66141
34.274826
101.80354
126.25299
125.10521
82.54185
34.54655
-3.9828448
-9.513032
-28.988512
28.593218
29.254274
69.79778
96.82691
45.96629
42.23683
2.5380166
10.489052
11.379887
-0.41973284
2.209847
-0.91217923
-0.17456245
2.776351
23.594349
65.5757
77.90819
137.43642
199.45865
165.7969
162.44566
147.53186
158.25876
145.88106
149.39767
127.8068
142.7533
102.571
62.27108
28.436876
25.85221
2.193689
3.5800095
-0.121664464
2.248019
0.26736522
-0.30639493
4.8506107
3.9470012
35.913013
57.658646
113.97513
180.9678
225.14867
261.1853
294.0683
287.26688
232.71501
202.60135
177.46649
105.70529
65.78248
63.939884
38.69339
18.17142
5.984483
1.3606422
2.401387
0.48690212
-0.49007392
0.95830715
0.39101052
3.4839349
-0.15166551
11.82822
31.651
67.720665
98.727165
138.26472
135.46327
167.5756
173.19826
133.24265
112.18448
102.32513
57.93203
31.060656
17.004377
4.6090293
2.2670307
4.3929477
0.2904216
-0.73077285
-0.5639492
0.28555572
-1.2667439
7.523908
9.738715
5.01954
8.255704
8.278886
12.308888
27.9605
39.957638
20.59139
45.70514
39.435448
32.77725
21.087515
17.540152
7.4578266
8.879986
2.7092032
5.111687
0.14425975
0.16769648
0.6149322
0.9418622
0.58986294
0.041503668
-0.90763056
4.3334174
5.071269
4.313469
4.4602923
4.2762713
4.443095
0.7487165
-0.3813516
-0.37511575
-0.22702932
3.081452
3.6332507
-0.89455664
3.6952417
2.7562332
1.9523337
-0.8698548
0.008215189
0.6917261
0.91508234
0.99196804
-0.9532678
-0.112317085
-0.5637485
-0.33503222
0.07453191
0.78857803
0.27783108
-0.73643005
-0.48700237
-0.57240045
-0.08849132
-0.46380234
0.50615156
0.2848519
0.8151232
0.8097758
-0.80868614
0.71742153
-0.88039935
-0.8443316
-0.5310925
-0.30741334
0.0
