-0.45148253
-0.4311788
-0.77768743
-0.57694364
-0.8932438
-0.3469875
-0.8540102
0.72916603
0.082288146
-0.896392
0.3426069
0.0798862
-0.2749927
-0.8040081
-0.8040923
-0.7822987
-0.62359583
0.7405257
-0.93359756
0.35981333
-0.5187273
-0.6025255
-0.9815705
-0.04284358
0.5759264
0.8988067
-0.6187861
0.958773
-0.18174708
-0.7513362
1.3184524
-0.5517179
-0.61859965
-0.36838776
-0.7467628
-0.31630617
-0.3935644
-0.7214354
0.17321385
0.8845412
-0.23670451
0.35505706
-0.76741743
-0.44747627
-0.8296406
0.35413706
0.4659661
0.055394053
-0.24638593
-0.42597818
-0.8881686
-1.299079
-0.2953626
-1.4282607
1.8776371
-9.029277
3.6708045
-9.257574
-10.339304
-17.707998
-14.724483
-3.239027
6.325192
1.5229428
3.2910972
1.3498994
2.046821
0.8701172
-1.9495063
-1.6842885
-1.9616516
-0.28587294
-0.117462754
-0.73439026
-1.1562418
-1.2680913
-0.33363605
-8.093358
-10.168525
0.91606355
3.7367659
-12.925116
-16.762005
0.2172991
0.71459043
-4.5996923
-5.8526506
-7.407506
9.031957
1.8433514
3.577619
3.3636322
1.9730216
1.0644199
-0.21487464
0.92248726
0.6384653
0.46783257
-0.65817714
0.17708765
-7.341022
30.555344
11.143836
-22.599485
-19.743612
-32.17233
-6.1309867
5.015756
-4.185013
-2.4830837
-10.459947
13.139811
0.80236095
16.577625
10.510697
0.6833722
2.1815748
3.877997
-1.7620041
-0.50291646
-0.77272296
-0.12341881
0.35979968
9.540308
49.938602
74.71494
54.667366
101.574814
69.54301
120.820885
113.18228
107.07648
130.46918
100.853516
89.21668
42.91074
57.859875
60.282825
31.827106
2.2230258
-1.6268666
1.2168618
-1.9132725
0.30686143
0.4191128
-0.8032069
9.68131
10.489625
10.770861
32.147644
-22.109732
17.356888
64.01222
61.130836
18.13028
30.203274
48.98234
50.911312
43.929504
51.63414
33.722767
95.47781
75.41781
12.735283
5.820472
-0.9898209
0.36215264
-0.5191153
0.47840965
-0.14118469
-2.7077787
8.497556
12.765827
52.014843
45.26117
65.906746
14.959145
-6.6912947
18.34275
3.2617712
18.959864
3.7430735
-6.786318
16.649162
9.451285
49.560436
2.7191741
41.747887
1.8671932
4.2547684
0.5399869
0.29214016
-0.12400961
1.3090924
-3.3270552
62.10071
35.323715
88.30599
40.744755
27.420366
-23.125826
-1.5945163
-24.424356
-26.82384
-7.0283203
-25.49166
-32.594204
3.2061586
6.6587505
90.903786
15.699734
41.67261
26.656887
-2.496654
-2.510779
-1.7949959
-0.023985147
0.562184
-3.155509
1.9354924
54.35394
93.79342
1.467996
-16.068077
-40.227947
-26.297638
-34.449543
-13.859986
-5.9605417
-13.147327
-12.323193
-12.671931
-6.7960367
91.6855
23.599834
57.316765
5.8969874
-8.858142
-0.97264856
-0.99150616
-0.86525464
-0.6785803
8.451723
-4.456675
79.38617
108.53023
-5.7189307
-21.62008
-32.27833
-3.665742
-4.638403
-8.0908575
-3.724515
-19.208689
-19.786215
-25.39527
-30.146124
70.77687
6.394319
31.282455
1.4666402
-12.223127
-4.7970886
-0.63611656
-0.1702832
-0.2881614
1.0832226
-21.351562
81.58015
83.8318
-28.625706
-42.498222
-48.72388
-15.4329
-16.510448
-2.6594794
5.543591
-20.187304
-18.333609
-12.167206
-15.978343
89.26132
7.9506516
45.7484
9.668156
-21.813595
-1.3683856
-1.8956475
0.5570444
-0.26650107
-7.541201
-30.998917
122.37773
91.367874
-33.938942
-23.010893
-23.874435
-3.666969
-6.880096
-5.405499
0.6451473
-25.922174
-22.022192
-16.192337
-24.967709
74.86825
4.6413293
57.36273
1.2703177
-18.677483
-1.2525783
-1.8150283
0.29124033
0.65458465
-3.8376167
-13.130299
98.746346
90.50192
-19.093178
-22.025389
-18.538673
4.354826
-3.7865105
7.896701
10.831175
-16.93864
-14.238722
-10.583937
-16.787956
75.847855
14.836468
54.12413
-7.8710685
-19.821575
-0.5605407
-3.0888388
-0.70394695
0.956306
11.096144
-23.586226
104.854225
100.93459
-16.977676
-36.463745
-29.745235
-7.4857802
-16.543161
-7.317443
7.5528164
-15.3758335
-11.803336
-8.77756
-20.259966
51.69173
2.9823506
69.57201
-14.8832655
-24.265755
-0.4447348
-2.8312786
0.006484151
0.41006505
9.311876
-3.7973948
56.385624
81.24719
-9.774053
-48.326794
-53.575706
-30.881388
-35.513447
-20.061037
-0.37347916
-35.217274
-26.908031
-20.498749
-10.729841
35.36821
38.20453
24.620605
-25.878952
-6.525576
0.07106385
-1.4711033
-0.42872536
-0.82376945
7.551238
25.08359
21.674503
102.43527
76.76328
17.787418
2.558671
12.203636
-10.854704
-2.590802
20.301939
-5.11768
-30.668833
-0.9548918
25.753344
55.207695
68.551544
16.029488
-31.278063
-8.294782
-4.712396
-0.27870792
-0.54820144
0.7376909
-1.4964763
17.458525
44.130665
18.131659
99.65508
107.553604
110.2238
74.477715
58.26359
33.572144
55.21136
24.129362
50.52193
-6.404847
38.077515
51.422573
7.5898104
4.148423
-19.81561
-2.349105
-1.9251193
0.11692533
-0.7825624
0.5926881
9.622703
33.711815
67.4656
31.46428
-10.7147
11.870136
72.41154
79.741516
101.85398
97.80525
95.81117
69.93813
38.9836
77.19083
59.511986
-3.1300166
13.192685
-20.980394
-6.9762855
-4.8796234
-1.0495509
1.1827261
-0.6408459
0.9302571
-0.9688388
-2.3362632
7.2646217
-9.08941
-21.61947
-38.37297
-42.815277
-3.5138214
1.3972169
9.966191
6.6995606
11.814141
31.228235
-3.802123
-16.71786
7.164709
25.905697
1.389076
-1.4170601
-4.897803
-2.2659798
0.2875023
-0.43788147
0.99792886
0.34081072
-1.7192112
-8.22795
-4.374448
-11.547687
-30.33729
-38.686966
-38.613186
-44.19092
-46.860237
-39.51574
-42.50823
-47.153603
-47.424484
-17.3571
-21.607347
-12.146602
-2.320969
-0.026155237
-3.8790822
-1.426357
-0.5915053
0.4348899
-0.4548205
-1.7314675
-2.696161
-2.306689
-2.4719927
-2.363852
-0.60961634
-1.8961003
1.3191898
-10.191674
-14.9984045
-11.168307
-2.001252
-4.5849886
-4.6958284
-5.5600433
-8.670013
-6.985294
-3.91589
-1.6103892
-3.4163065
-0.5092101
-0.5723803
0.18678689
-0.41256225
0.22115397
0.73120177
0.7053469
-0.48344862
0.15871724
0.08548307
-0.4506991
-0.50278425
-0.8040291
-0.3496871
0.9977962
0.97656095
-0.48604614
0.60430515
-0.2473234
-0.02991606
-0.30830792
-0.16455664
-0.89981985
-0.27489138
0.100412846
-0.021384597
-0.823272
0.784292
-0.46158767
-0.81184566
-0.12922919
-0.15709686
-0.06895912
0.5013912
-0.23334956
0.8146441
-0.97572076
-0.23776758
-0.92943716
0.111038566
-0.3275807
0.8441739
-0.75373805
0.019470334
0.45686138
-0.2089355
-0.08166921
0.9746914
0.80356455
0.0
