-0.2594123
0.62596154
0.9618628
0.14850235
0.07179189
-0.5568472
0.19673276
0.5402293
0.81041455
-0.55883265
-0.9858532
0.30357134
-0.07390416
-0.018600702
0.8273057
-0.8154919
-0.14043868
-0.6768824
0.14586496
-0.9242017
0.5524359
0.84876454
0.29118812
-0.03568113
-0.9242803
-0.90625703
-0.26685953
0.2792126
0.354576
0.8683113
0.17640662
14.741069
14.335563
14.780875
8.334277
6.230839
6.24149
7.629252
3.5028763
2.6578279
3.2920265
2.988696
0.86691236
0.5035752
0.36125124
-0.22034049
-0.66093946
0.56203556
-0.9248909
6.9122725
7.1345177
8.151271
6.314913
6.9506054
1.2662425
-5.8462276
-5.7399764
-5.693623
-2.2317955
-21.834929
-28.515192
-24.042461
-18.131647
0.58723265
-3.2039282
5.43741
-0.6087092
-0.8662127
8.288987
7.3216753
7.8264413
-0.07840109
0.34983277
-0.8660289
6.5238204
6.9427247
5.329267
-5.0944595
-3.072194
11.340229
-4.111611
-20.060493
-31.15447
-51.687363
-60.509033
-36.171936
-42.262413
-28.173498
-16.783043
1.7315705
-7.6432467
-5.9386015
-9.246307
0.08630827
7.1776137
0.9062375
-0.5624629
0.5503576
6.3867455
6.249577
-13.473033
20.695198
5.388363
-21.778759
-83.24986
-113.809326
-121.96431
-161.58037
-178.68185
-181.1005
-191.84047
-95.81704
-36.85385
1.9862653
8.245792
-0.6879408
-4.928867
-8.932106
7.0520244
0.40489292
0.9155568
-0.3756491
6.4027123
1.9264245
50.027073
71.190346
2.912538
11.803472
-59.911312
-44.216324
-62.575005
-16.277985
-57.55111
-64.4391
-31.004526
-106.66904
-111.63813
-16.25811
15.281596
11.98042
-1.1417943
-7.603076
8.043934
0.0023370087
-0.78022814
-0.11044085
10.84863
14.298696
58.057274
93.66054
-5.131915
-17.061178
-21.565563
28.286028
47.979576
91.28026
109.39481
73.3718
79.83419
12.270558
-76.234024
-62.218174
17.59574
-20.024769
2.7804537
1.9420424
-1.3672647
0.5922641
-0.2358911
0.52767897
10.647028
21.486063
37.862186
28.513021
17.471478
15.015426
88.691055
93.97461
151.64816
171.05779
163.01373
148.23628
142.208
157.19199
56.692368
0.7591468
-33.215
16.749544
11.44905
21.300198
1.7451855
1.1790621
0.23880148
0.48038182
9.946088
7.802972
-24.691635
94.44213
61.22816
119.57023
135.11125
150.4507
151.46455
170.52377
131.61327
136.08194
110.11236
140.96991
123.792694
131.8991
-48.00945
19.557493
-31.615309
2.989083
6.693801
4.406469
-0.063774705
-0.67873025
10.209039
-54.8052
10.186234
97.56412
107.29681
142.802
153.95212
130.81747
149.31448
162.02597
148.89587
166.5291
131.03452
157.37
134.43309
174.71146
-5.5807443
-68.134254
-54.699833
-3.9225996
7.7191644
3.4220996
-0.38867354
-0.8952966
13.126479
-97.75517
-6.4031434
75.89762
126.24317
156.05504
127.29656
65.11921
74.92997
93.71061
95.340935
93.04998
62.431385
110.58412
110.4113
208.43797
90.92199
-64.268234
-72.47019
1.1370245
11.440339
3.664753
0.7293656
0.3020079
-2.3877792
-85.09626
-32.61529
132.39764
218.00407
184.91849
150.33894
79.793655
83.425224
95.0819
97.054695
97.48789
87.0335
120.96727
127.43891
185.50638
135.10783
-64.3551
-63.219116
-3.285983
11.918954
4.1771393
0.9869038
-0.21037543
-12.668784
-103.67823
-53.70926
143.17355
174.26717
146.82495
108.851906
68.782234
77.319016
78.7459
81.61599
89.0701
60.244843
86.24791
120.71205
193.76382
99.75294
-71.69174
-71.83552
-10.665862
5.2455173
2.7297282
0.71265674
-0.37752116
-27.39889
-81.78155
-36.76683
133.1362
170.97188
154.62952
84.89587
30.103077
54.384167
61.312805
96.11495
94.57503
49.117638
92.9681
136.36438
181.92805
68.92716
-54.136192
-45.05929
-19.56925
0.49322242
3.3175645
0.16305077
0.7139449
3.0919228
-79.411995
-52.480526
105.8097
143.38533
165.78157
80.86238
39.061478
46.57836
34.829765
77.258255
80.2354
39.4874
98.78009
136.48012
172.0455
3.3495445
-14.417108
-27.175604
-1.5843877
-1.1086073
2.517537
0.82301414
0.8628664
-1.6794355
-17.810404
-84.668915
101.37098
133.7066
198.42268
147.11377
84.450966
91.69558
96.68882
115.07915
82.53993
91.76419
126.87023
114.22973
111.38432
-13.901559
46.585377
-22.79118
9.093223
0.39493516
-0.629786
0.6057422
0.8263018
0.17121054
4.506375
-19.352728
84.05628
95.513275
157.48111
182.72417
163.56886
117.54394
130.90837
159.78134
138.8908
99.065155
124.13526
111.05454
71.383484
108.13332
75.821724
17.401272
17.280703
7.933969
0.45652106
-0.6841234
0.44330442
-3.0732405
0.7448071
79.74268
17.252937
93.81266
145.67586
112.75214
161.61604
168.49411
215.8386
200.12773
147.95595
125.02537
147.71744
116.71185
172.48476
104.46074
84.63841
16.326612
6.348761
-0.8290483
-0.2323668
0.8987427
-0.9408119
0.7513523
22.286251
39.3601
74.05311
9.925557
-3.7361255
-10.045857
3.829649
10.697739
36.01473
7.19208
-11.119111
23.757515
22.030481
93.70636
95.85705
47.121387
62.284134
11.473401
16.504694
-0.4080702
-0.7350663
0.8439932
0.68137
-3.8817468
11.201344
13.230351
28.405285
84.86635
33.771378
-54.5295
-41.524097
-46.12452
-37.94068
-19.014048
5.3580985
-13.368545
53.005917
32.606117
44.804123
48.422497
41.439095
0.45747674
12.843106
-0.27470347
0.7993845
0.6452074
0.4170226
-4.980797
2.439067
19.9202
1.0423189
28.045643
60.72516
14.164683
-8.419084
-22.117365
14.101941
-30.41996
7.529694
-9.403611
29.807905
47.157635
59.383854
31.823505
11.489588
-0.05732143
6.6544175
3.156823
-0.47976327
0.43769944
0.7994057
0.60369754
11.371724
10.852464
10.971717
10.672917
10.681321
7.0927577
-0.3027949
1.3548844
26.833916
10.6787195
10.429341
30.54709
22.466154
26.128094
34.734535
27.454977
11.878425
4.505856
7.259279
0.31481016
0.15446794
-0.15500712
0.6038953
-0.89936244
0.64390004
-0.07131609
-0.3801287
1.1696154
-0.40879318
-0.3182195
0.5488113
-0.79532516
0.56013405
0.22786057
0.42076325
-0.6935836
0.050029397
0.60407853
0.44641984
0.09444427
-0.43815836
0.83036566
0.32861197
0.20750308
0.44059205
-0.33987987
0.68635845
-0.15991616
0.7024934
-0.8892218
-0.5194278
-0.36688054
0.95513535
-0.8675213
-0.102451086
-0.57702816
-0.6974747
0.06400013
0.2801577
0.028643131
0.424165
-0.9981538
-0.79027987
0.8151821
-0.7545985
0.9468924
-0.19876933
-0.35730624
0.0
